1.21527
1.23145
1.081
1.03687
1.09359
1.10741
1.20377
1.19107
1.04296
0.866996
1.23638
1.51425
1.31626
1.31892
1.27639
1.43818
1.21733
1.20793
1.45749
1.29731
1.3158
1.3501
1.30969
1.3991
1.25112
1.33532
1.24876
1.12228
1.1121
0.938741
1.09411
0.979533
1.02678
1.18712
1.1092
1.19112
1.0313
1.03233
1.26956
1.35409
1.19129
0.901956
1.19747
1.16413
1.27358
1.20587
0.906474
0.92078
1.03123
0.931389
1.35109
1.13521
1.13745
1.14542
1.3795
1.34939
1.17874
1.30246
0.994806
1.10318
0.992831
1.27166
1.30512
1.32694
1.12668
1.22118
1.19869
1.32736
1.37281
1.11701
1.08386
1.33887
1.3753
1.40733
1.10457
1.12368
0.950325
1.22422
1.02485
0.905907
1.1556
1.15802
1.22893
1.19963
1.34717
1.16432
1.06501
0.988272
0.994857
0.956042
1.26941
1.01729
1.23222
1.0243
0.96001
1.05978
1.13029
1.22901
1.26506
0.975783
1.29817
1.25522
1.45265
1.31518
1.4129
1.12928
0.973045
1.25712
1.12112
1.31914
1.11545
1.20867
1.20273
1.26431
1.04739
1.21286
0.97479
1.09062
1.31545
1.23133
1.01979
1.08639
0.906286
1.26215
1.22802
1.23337
0.957626
1.24775
1.15741
1.00843
1.23018
1.18442
1.33512
1.10506
1.28857
1.13777
0.926236
1.32889
1.2274
1.10469
1.26224
1.21734
0.963726
1.29649
1.45593
1.0974
1.18531
1.19143
1.16082
1.14755
1.45471
1.33856
1.01501
1.09188
1.37646
1.185
1.20977
1.1299
1.03935
1.17561
1.29469
1.19972
1.13536
1.11162
0.975485
1.08295
0.934085
1.14016
1.34667
1.4457
1.04597
0.928698
1.16531
0.961238
1.20736
1.26149
0.991931
1.26131
1.19722
1.27798
1.13987
1.25827
1.44746
1.12099
1.01017
1.12348
1.00988
1.27914
1.00986
1.33106
1.36617
1.16221
0.953235
1.05581
1.06559
1.24001
1.39242
1.25861
1.0264
1.39462
1.25754
1.16964
1.00975
0.970507
1.07284
1.10291
1.14008
1.1844
1.1686
1.34136
1.29245
1.1105
1.22033
1.33082
1.19968
1.23871
1.20553
1.40831
1.41322
1.21162
1.08476
1.13151
1.29065
1.08945
1.37525
1.40509
1.19894
0.998422
1.04065
1.19683
0.938106
1.28168
1.33564
1.16727
1.36422
1.28301
1.22137
1.23574
1.22319
1.02603
1.22851
1.17005
1.30643
0.979595
1.12019
1.3226
1.30562
1.18948
1.02649
1.15986
1.33978
1.09364
1.19802
1.01635
0.98315
1.15877
1.03733
1.12186
1.10095
1.41242
1.34134
1.27053
1.05093
0.866886
0.992853
1.09132
1.45444
1.32675
1.32522
1.25869
1.39643
1.3526
1.27315
0.952284
1.241
1.28637
1.35421
1.19262
1.30164
1.34628
0.984398
1.15681
1.31505
1.23655
1.17868
1.07175
0.964963
1.12651
1.4596
1.17
1.26699
1.28133
1.35533
0.914381
1.18786
1.29877
1.07168
1.30093
1.47782
1.44099
1.06563
1.37029
1.009
1.05255
1.19838
1.3453
1.14556
1.02197
1.0294
0.952539
1.24912
1.3185
1.14341
1.02942
1.06669
1.11573
1.10037
1.05626
1.13185
1.09599
1.24777
0.995412
1.28906
1.21053
1.28221
1.43889
1.24342
0.939669
1.29038
1.21058
1.17302
1.41043
1.14173
0.953651
1.07197
1.01952
1.0821
1.14785
1.40835
1.34453
1.3256
1.24413
1.14799
1.24951
1.19881
1.38588
1.28044
1.28743
1.07114
1.03449
1.00808
1.29314
1.14906
1.36607
1.15673
1.32249
1.39326
1.20771
1.04306
0.996473
1.08283
1.34511
1.35415
1.19936
1.00572
1.03001
1.25912
1.12503
0.996441
1.2022
1.37705
1.16777
1.34819
1.32875
1.05087
1.10062
1.35013
1.11812
1.06402
1.1981
1.3701
1.07278
1.05986
1.34565
1.18351
1.13793
1.09958
1.08407
1.23297
1.25661
1.21586
1.17703
0.918435
1.19627
1.14846
1.42185
1.30831
1.25204
1.0712
1.11275
1.33099
1.14387
0.908091
1.19197
1.15492
1.25288
1.18161
1.08294
1.1922
1.02584
0.971314
1.11627
1.27284
1.01503
0.933468
1.19378
1.0821
1.10435
1.31981
1.22728
1.29884
1.01509
1.01577
1.28931
1.40944
1.29694
1.31094
0.990963
0.968
1.06765
1.0071
0.96123
1.31226
1.29278
1.08834
1.16283
1.23656
1.14949
1.07504
1.3247
1.25046
1.26088
0.966948
1.04642
1.28419
1.43208
1.13681
1.10609
1.29547
1.47042
1.26066
1.15087
1.01553
0.9861
1.36397
1.13369
0.922445
1.03223
1.22267
1.10516
1.25999
1.42019
1.19895
1.01896
0.912329
1.12971
1.31657
1.08541
0.993922
0.917706
1.24
1.32806
1.30213
1.00766
1.14357
1.18309
1.15479
1.11765
1.19904
1.21958
1.0447
1.14785
1.3547
1.27418
1.32638
1.18627
1.25594
1.15297
0.966538
1.27604
0.989047
1.18793
1.26185
1.04243
1.35951
1.25412
1.13157
1.23385
1.23188
1.06701
1.40455
1.18413
1.088
1.2685
1.13653
0.953555
1.29897
1.16245
1.16917
1.17044
1.03601
1.08578
1.29109
1.29172
0.943623
1.18136
1.28756
1.06184
0.98649
1.14253
1.3318
1.36488
1.18936
1.04511
1.098
0.984543
1.22371
1.26868
1.04409
1.20342
1.01712
1.02941
1.34455
1.38608
1.2963
1.03395
1.07533
1.13772
1.00759
1.34406
1.01858
1.03877
1.27963
0.981114
1.28316
1.12004
1.13565
0.98246
1.01709
1.11178
1.31977
1.25637
1.05267
1.11559
1.26771
1.2757
1.33418
1.27916
0.96388
1.16174
1.21547
1.06029
1.37564
1.18572
1.13668
1.20784
1.28601
1.25595
1.10768
0.916591
1.19244
1.08988
1.08345
1.22575
1.09125
1.13855
1.06337
1.39862
0.94398
1.16506
1.18408
1.24351
1.07887
1.0914
1.16544
0.947156
1.16352
1.18591
1.35524
1.37256
1.0042
1.1324
1.40404
1.28918
1.33558
1.30719
1.06481
1.17252
1.19196
1.25208
1.30379
1.35813
1.33527
1.46248
1.107
0.960372
1.21697
1.18574
0.956138
1.22079
1.31529
1.238
1.36553
1.20054
1.29056
1.26746
0.943723
1.04136
1.28681
1.14528
1.24061
1.24726
1.00442
1.19515
1.12111
1.30959
1.08963
1.21908
1.04459
1.04172
1.14231
1.16429
1.24137
1.40213
1.07457
0.926843
1.21372
1.26366
1.37179
1.26829
1.15254
1.09767
1.20598
1.25036
1.32075
1.38958
1.09766
0.961924
1.40951
1.29247
1.2163
1.3366
1.22199
1.34528
1.15082
1.121
1.20593
1.17259
0.943367
1.01054
0.984199
1.10408
1.07301
1.34783
1.23286
1.27532
1.1536
0.92702
1.31011
1.18286
1.16271
1.28695
1.2538
1.13232
1.25474
1.31276
1.13503
1.08529
1.15416
1.27591
1.40068
1.34979
1.12715
1.3043
1.15711
0.937034
1.08245
1.25234
1.34728
1.08796
1.41458
1.26977
1.1109
1.00805
0.911594
1.30611
1.3622
1.15431
1.25901
1.13572
1.33851
1.34723
1.33818
1.40419
1.24753
1.26069
1.23206
1.38196
1.25352
1.40937
1.25532
0.915914
1.10768
1.26337
1.14746
1.00528
1.23984
1.14841
1.20736
1.19218
1.25651
1.15348
1.21376
1.22811
1.05856
0.960997
1.03117
1.15939
1.24601
1.25008
1.13642
1.44235
1.45062
1.44976
1.38572
1.22136
1.41838
1.31086
1.23175
0.957411
1.09184
1.05322
1.07079
0.91065
1.06159
1.16681
1.20386
1.04849
1.24133
1.2152
1.05775
1.08387
1.19699
1.32568
1.03376
1.15578
1.41212
1.34625
1.25041
1.33195
1.2409
0.958721
1.06967
0.974312
0.991174
1.1768
1.39557
1.10781
0.91225
1.00906
1.00013
1.1497
1.03904
1.21199
1.13194
1.29967
1.01766
1.02835
1.21218
1.46686
1.13856
1.21244
1.22037
1.05525
1.26838
1.15593
1.03793
0.965201
0.974965
1.26324
1.18631
0.958418
0.988232
1.0584
1.14873
1.12325
1.00465
0.949787
1.10127
1.0694
1.32512
1.35464
1.44256
1.37204
1.04371
1.24538
1.34649
1.27947
1.23167
1.03791
1.25016
1.00293
1.22665
1.24145
1.03821
1.05548
1.15473
1.29921
1.36929
1.38066
1.35172
1.17507
1.04007
0.930023
1.16069
1.29032
1.20352
1.33396
1.24088
1.36739
1.18784
1.08318
1.25768
1.23887
1.4066
1.32239
0.99635
0.9761
1.03331
1.14264
1.15815
1.0802
0.919296
1.26082
1.38699
1.16557
1.06591
1.11585
1.0407
1.12398
1.20863
1.10798
1.03059
1.13049
1.3011
1.19009
0.972056
0.947498
0.933236
1.03849
1.11325
1.13302
1.11394
1.13769
1.18
1.13844
1.24018
1.27404
1.29562
1.24456
1.23477
1.22562
1.2689
1.15973
1.22219
1.18762
1.13091
1.47012
1.29936
1.32394
1.23191
1.27705
1.07438
1.08111
1.11982
1.21119
1.17985
0.841491
1.11512
1.11847
1.09212
0.959689
0.913479
1.13162
1.28184
1.28546
1.16726
1.13021
1.28234
1.16006
0.92224
1.09742
0.912907
0.929885
1.25408
1.03041
1.13452
0.968353
0.941013
1.29023
1.11078
1.28192
1.20547
1.00238
1.20726
1.16861
1.37514
1.20409
1.4172
1.32282
1.29918
1.18212
1.2485
1.3853
1.19852
1.14179
1.27704
1.15451
1.02171
1.17072
1.22333
1.37551
1.11829
1.23275
1.23964
1.10442
1.09754
1.09699
1.29108
1.08976
0.965256
1.28807
1.09898
0.895203
0.992975
1.2941
1.1702
1.08687
0.920101
1.02238
1.12583
1.12202
0.926749
1.07065
1.27364
0.983254
1.34539
1.42343
1.2027
1.15675
1.2135
1.22894
1.29817
1.0341
1.35584
1.14934
1.34227
1.06985
1.29418
1.09368
1.36339
1.04813
1.18352
1.3659
1.10063
1.14477
1.17663
1.12908
1.1838
1.287
1.33936
1.41825
1.3507
1.09244
1.20714
1.30713
1.06685
1.30042
1.33549
1.16098
1.02863
1.15294
1.41336
1.13831
1.27838
1.08751
1.19175
1.30364
1.31445
0.92901
1.28759
1.20053
1.15722
1.42217
1.21835
0.99157
1.17155
1.01889
1.286
1.27795
1.11735
1.27509
1.43064
1.2802
1.40082
1.30063
1.40046
1.19825
1.29591
1.27317
1.42165
0.97729
1.26257
1.24325
1.02445
1.15978
1.38576
1.35713
1.38382
1.4525
1.36724
0.942942
1.17245
0.894119
0.92716
1.07773
1.33606
1.05317
1.17836
1.22034
0.966401
0.901468
1.33619
1.10443
1.1412
0.914642
0.987677
1.24793
1.35796
1.14776
1.12739
1.01105
1.09869
0.936357
1.19799
1.21358
1.28421
1.09644
1.23845
1.32878
1.35724
1.38713
1.19871
1.26865
1.12348
1.06506
1.25276
1.00541
0.985825
1.19223
1.1795
0.905331
1.27121
1.15913
1.03001
0.94732
1.30442
1.24704
1.31167
1.25388
1.29929
1.20052
1.2887
1.20957
1.2368
1.25982
1.35512
1.12788
1.1519
1.25059
1.21029
1.29245
1.30371
1.35741
1.287
1.09757
1.34338
1.41153
1.39095
1.49799
1.27229
1.23452
1.27314
1.26261
1.25067
1.08606
1.05638
1.39782
1.30359
1.29363
1.17799
1.2815
1.08163
1.27151
1.08485
0.995905
1.24531
1.19204
1.26871
1.2329
1.0575
1.04394
1.46678
1.25028
1.188
1.00697
1.07335
1.17639
1.19533
1.06938
1.26009
1.26552
0.950024
1.22216
1.24806
1.21956
1.10171
1.2643
1.10241
1.16208
1.35185
1.28982
0.906618
1.21632
1.14536
1.21376
1.1482
0.9757
1.18219
1.32737
1.32692
1.28218
1.47177
1.44855
1.19439
1.06454
1.02485
1.19651
1.13687
1.26743
1.18393
1.1739
1.15498
1.11101
1.17547
1.10864
1.20742
1.26058
1.20322
1.06829
1.32858
1.22557
1.23255
1.03661
1.00729
1.13629
1.282
1.36659
1.16968
1.05269
1.31303
1.15366
1.09014
1.0294
1.17067
1.19736
0.911785
1.18552
1.32641
1.1552
1.16567
1.31086
1.02077
1.14326
1.02621
1.23006
1.2433
1.13464
1.32555
1.31813
1.1882
1.25912
1.2196
1.18963
1.17157
1.1502
1.06844
1.29654
1.20053
1.04718
1.06541
1.00706
1.29005
1.05133
0.944069
0.887377
1.14181
1.19571
1.17909
1.1768
1.37991
1.25996
0.968125
0.988823
1.12345
1.14746
1.24388
1.10738
1.1824
1.28507
1.35062
1.2641
1.16702
1.14541
1.3578
1.09231
1.18782
1.34567
1.41835
1.0415
1.12908
1.12346
1.17713
1.37451
1.21941
1.02526
1.15405
1.27088
1.43425
1.38201
1.18143
1.38087
1.32639
1.42273
1.20621
1.25112
1.18416
1.21907
1.38783
1.39065
1.1738
1.00065
1.39995
1.19197
1.13776
1.15888
1.31672
1.15827
1.17799
1.39796
1.27203
1.39367
1.13489
1.14219
1.41261
1.35639
1.23497
1.09174
1.27559
1.12695
1.20537
1.29283
1.26992
1.44182
1.32505
1.19851
1.04311
1.05114
1.1257
0.986394
0.964748
1.03813
1.37395
1.20179
1.04065
0.886031
1.19886
1.3257
0.994103
1.17689
1.21993
1.05504
1.0309
1.13358
1.18377
1.33424
1.32752
1.12859
1.24291
1.07778
1.06788
1.23325
1.33229
1.24164
1.21765
1.1239
1.23223
1.05262
1.04157
1.07862
1.25188
1.19845
1.1106
1.39538
1.20291
1.3435
1.23277
1.18478
1.24416
1.07845
1.18005
1.03188
1.05536
1.25432
1.19765
1.1115
0.935206
1.15023
1.01186
1.23643
1.21766
1.31939
1.39677
1.18261
1.21676
1.21887
1.12682
1.34379
0.999578
1.05541
1.27628
1.04492
1.02697
1.04449
1.15249
1.33305
1.26843
1.26752
0.975197
0.989749
1.10179
1.27397
1.35712
1.04503
1.34405
1.04894
1.05324
1.15092
1.01493
0.971225
1.3269
1.15171
1.24703
1.26499
1.15691
1.39523
1.30216
1.35543
1.30805
1.00431
0.976047
1.02268
1.08769
0.957421
1.37348
1.39924
1.15771
1.07228
0.917306
0.967429
0.970895
1.33689
1.13967
1.05094
1.20444
1.15283
1.2361
1.10269
1.15796
1.10936
1.39332
1.33609
1.3012
1.15557
1.30837
1.22476
1.25279
1.24704
0.933748
1.10596
1.30596
1.23286
1.20184
1.23794
1.27454
1.14274
1.23791
1.22722
1.28755
1.12106
1.28173
1.19579
1.18032
0.966141
1.04894
1.0314
1.17558
1.00998
1.20583
1.11856
0.995077
1.10189
1.22703
1.03665
1.0579
1.04194
1.01919
1.26677
1.49213
1.38325
1.38502
1.31885
0.970991
1.19813
0.985804
0.917934
1.26841
1.09584
1.42699
1.27061
1.38953
1.30298
1.13903
1.30658
1.30568
1.26197
1.26972
1.10643
1.16763
1.23965
1.33192
1.24302
1.27455
1.22657
1.30754
1.27637
1.18076
1.37235
1.14575
0.838155
1.25271
1.33106
1.14238
0.938417
1.00887
0.982491
1.31563
0.961589
1.20641
1.37731
1.26405
1.30877
1.27013
1.13189
1.04988
1.01345
1.33762
1.42019
1.38373
1.29671
1.34069
1.36972
1.12019
1.28326
1.12513
1.11239
1.32261
1.1022
1.23556
1.18985
1.37929
1.22304
0.917741
1.10833
1.05266
1.03888
0.896346
1.22915
1.26537
1.02671
1.23292
0.998939
1.20453
1.21471
1.16435
1.16171
1.20008
1.19581
1.16447
1.20311
1.12652
1.11083
1.2808
1.17586
1.09601
1.23975
1.22839
1.04171
1.21734
1.09995
1.10334
1.20677
1.30559
1.39303
1.33142
1.04844
1.11394
1.23018
1.25882
1.25499
1.20711
1.44219
1.33446
1.32645
1.2369
1.08506
1.25869
1.16903
1.12884
1.10521
1.07607
1.18533
1.25116
0.995653
1.05388
1.08245
1.13451
1.05435
1.31243
1.2999
1.17238
1.03813
0.951631
1.1474
1.18344
1.2579
1.17433
0.891266
0.905162
1.07753
1.27965
1.27911
0.896807
1.18244
1.19893
1.20575
1.33667
1.161
0.927703
0.995832
1.11299
1.30065
1.29532
1.06215
1.00135
0.951766
0.889091
1.29157
1.18215
1.01742
1.15191
1.296
1.27082
1.31782
1.13427
0.991963
1.24808
1.26557
1.18109
1.15614
1.09571
1.1514
1.2906
0.995069
1.20208
1.06105
1.25198
1.24212
1.40185
1.22093
1.0472
1.28807
1.08436
1.12649
1.02488
1.24504
1.26222
0.925524
1.22397
1.33626
1.12903
1.23296
1.19984
1.24173
1.18602
1.28063
1.18735
0.993322
0.974387
0.985143
1.21196
1.21346
1.23535
1.28547
1.17771
1.11324
1.22383
1.12138
0.957433
1.13191
1.10121
1.30815
1.11716
1.31069
1.22038
1.24136
1.28156
1.33682
1.38711
1.149
1.22457
1.03918
1.27947
1.10042
1.08803
1.0013
1.22571
1.43893
1.19726
1.02542
1.01209
1.29605
1.39121
1.22738
1.33463
1.33163
1.28736
1.09806
1.37821
1.41493
1.30291
1.2218
1.27221
1.01877
0.997671
1.24617
1.17906
1.19332
1.25752
1.14217
1.22486
1.35283
1.24236
1.18132
0.935853
1.07242
1.4659
1.13489
1.00414
0.986662
1.06675
1.11313
0.951178
1.25733
1.20674
1.14573
1.27911
1.25195
1.23317
1.0864
1.2603
1.33992
1.21509
1.22122
1.19144
0.917406
1.06914
1.36661
1.17168
1.27584
1.28374
1.34061
1.31252
1.09278
1.34193
1.01919
1.01667
1.13415
1.29943
1.17871
1.17312
1.12791
1.14088
0.907586
0.994687
1.17773
1.08958
1.02967
1.07555
1.16417
1.08009
1.22337
1.35565
1.20611
0.99444
1.24512
1.34225
1.28732
1.2098
1.23728
1.35645
1.22359
0.920801
1.35443
1.13645
1.04983
0.965245
1.21737
1.4695
1.26405
1.1871
1.26719
1.20222
1.2878
1.40973
1.28344
1.02814
1.42074
1.09628
1.02721
0.960027
1.05597
1.12885
1.02774
1.30442
1.10938
1.23275
1.01076
1.36389
1.26489
1.318
1.30901
1.19011
1.24175
1.2332
1.0497
0.916725
0.983466
0.919083
1.36643
1.14166
1.30407
1.25512
1.05414
0.915321
1.02712
1.27161
1.28819
1.13432
1.02683
1.13848
1.17783
1.06244
1.24003
1.3922
1.20956
1.07297
0.975843
1.22532
1.34681
1.2519
1.11515
1.06171
0.952492
0.97099
1.30293
1.19154
1.33386
1.19435
1.17934
0.899991
1.23186
1.14999
1.08538
1.03124
1.07314
1.28313
1.25427
1.35869
1.20035
1.07113
1.1119
1.25096
1.30334
1.33562
1.19559
0.963291
1.18623
1.06549
1.24495
0.972565
0.8623
1.25039
1.42721
1.36767
1.13007
1.35001
1.37372
1.3352
1.26122
1.10003
0.842109
1.26986
1.36526
1.37618
1.15588
1.17667
0.94142
1.14134
1.13407
1.4296
1.25409
1.15089
1.07578
1.24438
1.16883
1.18974
1.42358
1.20652
1.14533
1.23634
1.43492
1.23348
1.21526
1.11241
1.00344
1.26519
1.24484
1.05093
1.05239
1.07976
1.17121
0.997993
1.00255
1.2414
1.30745
1.31539
1.42237
1.40535
1.37003
1.12893
0.996206
1.08933
1.00293
1.33936
1.07689
1.07429
1.37731
1.37612
1.28952
1.11589
0.928322
0.967014
1.09536
1.20217
1.32508
1.19108
1.21094
1.15172
1.09009
1.31712
1.0169
1.19229
1.07712
1.2047
1.21971
0.918307
1.30407
1.09389
1.03184
1.28381
1.15015
1.05607
1.14006
1.23216
1.02624
1.24068
1.2761
1.18988
0.969151
0.940022
1.22702
0.98734
1.19832
0.902394
1.21647
1.32403
1.04565
1.02127
1.11943
0.989582
1.04296
1.30446
1.15684
1.16634
1.22647
1.0971
1.04749
1.05524
1.21212
1.20296
1.02083
1.07598
1.09407
1.06326
0.9556
1.27059
1.12567
1.02519
1.24243
1.30086
1.08607
1.15767
1.33289
1.23183
1.31157
1.1939
1.25901
1.18117
1.18165
1.15407
1.03545
1.15056
1.34662
1.45298
1.23396
1.34578
1.10094
1.01241
0.962485
1.13372
1.19612
1.03779
1.15248
1.21474
1.21188
1.36084
1.2512
1.10267
1.05883
1.08327
1.00291
1.1193
1.35176
1.10955
1.25476
1.12015
1.11555
1.08224
1.29464
1.23736
1.12455
1.30791
1.15225
1.12248
0.971538
1.2487
1.18428
1.12383
1.35758
1.44742
1.52068
1.42329
1.40056
1.08625
1.2606
1.43925
1.14064
1.2348
1.1271
1.3573
0.906831
1.22124
1.08495
1.38713
1.06259
0.932502
1.18607
1.28032
1.35793
1.18781
1.09426
1.18568
0.902116
1.23499
1.2827
1.32967
1.29282
1.27148
1.12486
0.986774
1.01585
1.28386
1.34804
1.27023
1.11968
1.06299
1.34941
0.998507
1.27564
1.25229
1.33336
1.18332
1.26452
1.23243
1.0585
1.05023
1.26682
1.36265
1.43933
1.38145
1.186
1.12389
1.18789
1.19152
1.27039
1.24915
1.18143
1.29711
1.18369
1.28216
1.16373
1.07413
0.952374
1.33917
0.971111
1.06676
1.30537
1.22596
1.32961
1.18673
1.24877
1.13307
0.95446
1.28002
1.24205
1.17288
1.42729
0.899862
1.29961
1.23906
1.06429
1.05409
1.15578
1.3733
1.03571
1.07115
1.45307
1.24206
1.44424
1.08195
1.17906
1.05135
1.33903
1.28184
1.07296
1.36554
1.17946
1.07065
1.28009
1.43043
1.06531
1.0677
0.905925
1.02834
1.15978
1.21492
1.39774
1.16717
1.27104
1.01197
1.38154
1.30769
1.07713
1.29557
0.925142
1.25698
1.24254
1.28818
1.31944
1.14958
1.22436
1.0784
1.14634
1.37266
1.30966
1.11261
1.26194
0.99674
1.04606
0.986184
0.910481
0.913644
0.987817
1.07532
1.22549
1.34634
1.4153
1.18815
1.27012
0.941617
1.10889
1.18963
1.28558
1.34622
1.08177
1.40506
1.33762
1.18568
1.20165
1.23571
1.30658
1.39653
1.13537
0.941823
1.24597
1.42691
1.5156
1.09934
0.969931
1.15699
1.28795
1.22291
1.25626
1.30931
1.16356
1.11322
1.14644
1.35396
1.18514
1.05915
1.16302
1.00029
1.28938
1.27566
1.10182
1.0283
1.0794
1.36374
1.20461
0.896239
1.12858
0.895217
1.07334
1.02003
1.23903
1.3308
1.24554
1.20032
1.11233
0.929189
0.923262
1.06803
1.11473
1.3192
1.36943
1.43495
1.35016
1.24871
1.05697
1.12455
1.26603
1.25464
1.24655
1.18766
1.0443
1.15804
1.39925
1.05886
1.23928
0.919527
1.17843
0.989054
1.30531
1.17923
1.44168
1.17692
1.29524
1.15125
1.14502
1.03218
1.26341
1.04375
1.1557
1.19792
1.11242
1.2254
1.07628
1.2371
1.31968
1.30641
1.0861
0.92224
1.32087
1.32324
1.16788
1.00717
1.04517
1.04573
1.2891
1.37314
1.10088
0.869256
1.00637
1.14096
1.34444
1.24256
1.19388
1.04045
1.02874
1.30468
1.27892
1.25353
0.976488
1.36693
1.23129
1.29505
1.25506
0.911224
1.30505
0.960953
1.12527
1.05858
1.21664
1.11506
1.40348
1.20195
1.1869
0.960756
1.20291
1.28572
1.26235
0.989433
1.03002
1.15125
1.14593
1.15279
1.12608
1.40262
1.18458
1.29204
1.00457
1.12528
1.35454
1.17943
1.11595
1.4057
1.36445
1.41335
1.24695
1.04761
0.970847
1.23458
1.38382
1.23892
1.25704
1.0507
1.14374
1.23029
1.21175
1.15979
1.18579
1.39379
1.03913
1.20938
1.39681
1.27908
1.15072
0.982205
1.37545
1.22319
0.940188
1.14746
1.12475
1.11362
1.30852
1.17706
1.2399
1.03206
1.14128
1.11174
1.27876
1.27806
1.21057
1.23584
1.20914
0.942835
1.12384
1.29817
0.999165
1.36819
1.44817
1.48361
1.28839
1.09944
1.09443
1.1002
1.11614
1.09028
1.27078
1.17209
1.02246
1.18642
1.1448
1.41541
1.12644
0.81945
0.921625
0.917877
1.19468
1.04998
0.963799
1.27422
1.28855
1.18524
1.0532
1.29533
1.42845
1.23635
1.38587
1.18015
1.22145
1.06282
0.975859
0.886661
1.22858
1.27925
0.953999
1.21101
1.31174
1.23405
1.03132
1.10827
1.2459
1.38139
1.2714
0.976425
1.1667
1.05421
1.05809
1.17091
1.18379
1.17543
1.14353
1.30755
1.14544
1.06295
1.10549
1.27828
1.29623
1.27464
1.44097
1.41101
1.29383
1.28999
1.21874
1.01002
1.01897
1.10124
1.00772
1.21468
1.27285
1.14643
1.0675
1.4218
1.06697
1.26257
1.10755
1.14742
1.05193
1.26169
1.104
1.00881
1.17014
1.01401
1.28804
1.38312
1.06691
1.09373
1.14028
1.08024
1.15536
1.24262
1.29469
1.12622
1.23253
1.3164
1.29571
1.02093
1.1405
1.21299
1.08748
1.22271
0.969332
1.09939
0.970798
1.18515
1.2208
1.31857
1.27456
1.27582
1.25627
1.16202
1.33127
1.0193
1.22661
1.12243
1.07315
1.11785
1.1875
0.992139
1.00973
0.944328
1.00999
1.30761
1.35154
1.26649
1.11652
1.25319
0.932681
1.24172
1.17025
1.15783
1.06943
1.14578
1.32595
1.41784
1.19817
1.07501
1.3307
1.01591
1.08078
1.09861
1.29139
1.00637
1.11569
1.24268
1.34869
1.35051
1.21602
1.34353
1.15002
1.18824
1.19556
1.10715
1.08122
1.15486
1.27041
1.2926
1.27143
1.23797
1.20732
0.931672
0.976504
0.990196
1.28197
1.29978
1.39465
1.31234
1.21121
