1.19465
1.26277
0.748978
1.09939
0.850088
1.01639
0.896846
1.20704
1.32894
1.89854
0.318106
0.710632
0.791198
0.376035
0.925054
1.00693
0.832184
1.08499
1.38855
1.28178
2.00454
0.374851
0.566982
1.42247
0.358405
0.268185
1.05844
0.444727
1.10643
0.742046
0.499805
1.42915
2.18615
0.370715
1.03132
1.43159
0.866504
0.240206
1.52443
1.01961
0.451623
1.53364
0.61798
1.20929
0.505543
0.612528
1.97299
0.347523
1.06851
1.51184
0.92909
0.726426
0.0862236
1.2028
0.860106
0.756186
0.521736
0.897155
1.39944
0.663812
0.328186
0.292439
0.662699
0.515209
0.468546
1.02507
1.36897
0.670241
1.16864
1.31192
0.140878
0.204851
0.919456
1.31616
0.35875
0.376567
1.18272
1.12769
0.208358
1.50149
0.788438
0.360449
0.844569
0.811494
0.693859
0.442126
0.493723
0.947167
1.556
1.38251
0.22923
0.920413
0.242
0.620893
1.04067
1.37721
1.27304
1.02984
0.977638
1.45158
1.18406
0.545684
0.705648
0.785283
1.28352
0.492037
1.53772
0.622762
0.438848
1.22079
0.914664
1.30756
0.584224
0.906575
0.945558
0.745499
1.35779
1.94693
1.08163
0.681525
0.276103
0.218403
2.04994
1.10211
1.87319
0.914575
1.81744
0.497254
1.26682
0.505648
0.945572
1.08053
1.77684
0.770899
0.715489
1.29667
1.00376
0.407099
1.38387
1.00425
0.521971
0.367631
2.12479
0.228931
0.799383
0.384433
0.720174
1.31496
1.33584
0.455292
1.78377
1.21506
1.02918
0.58826
0.492726
0.958872
1.03957
1.92811
0.960325
1.31434
0.929316
0.316438
0.989153
1.11029
0.258774
0.697693
1.64957
0.726352
0.331566
0.750669
0.496096
0.896917
0.302423
1.34861
1.00629
1.05841
1.73272
0.114506
0.328237
0.32661
1.50116
1.36502
1.16696
0.648433
1.33804
0.698422
0.927127
0.91975
1.1135
0.815655
1.80997
1.00043
1.55686
0.0966015
1.30582
0.264472
0.596635
0.767706
1.87008
0.707462
1.03866
0.847969
0.539362
0.853318
1.4296
1.12268
0.204913
1.01588
0.998337
0.649454
1.45874
0.218813
0.84367
0.250167
0.431835
0.558682
0.515051
0.945951
0.317447
0.952102
1.36388
0.0690491
0.705972
1.16326
0.779349
1.35622
0.329746
0.72831
1.03436
0.264402
0.332106
1.4821
0.878701
1.17553
1.64041
1.3414
0.97576
1.41517
0.21926
1.61359
0.808422
0.400137
0.512192
0.758893
1.46132
0.919782
0.448092
0.82363
0.700862
0.304347
1.40196
1.16407
0.902349
1.52985
1.82505
1.05368
1.1714
1.4536
0.898163
0.146855
0.898911
0.631507
1.47388
1.38848
0.498671
1.22946
0.462937
1.11553
1.77001
1.70937
1.65608
1.08081
1.28504
1.74698
1.31246
0.824438
0.956135
1.34421
0.962224
0.541795
0.879552
0.438944
1.12261
0.658492
0.0159941
0.949918
1.14523
0.989202
0.199335
0.88775
1.78148
1.51359
1.41203
1.94387
0.712712
1.34307
0.710497
1.68863
0.928861
0.990194
0.952865
0.697022
1.47956
1.09241
1.42417
0.703861
0.378935
1.28343
1.021
1.49975
0.386425
1.00931
1.18694
0.868864
0.701661
0.484682
1.28465
0.401669
0.0724674
1.01521
1.31856
0.218824
0.122164
0.813728
0.826425
0.538438
0.552198
0.427566
0.898249
0.46407
0.547667
0.699784
1.62745
1.94411
0.22219
0.547889
0.351992
0.931108
0.83924
0.67519
0.386907
0.86228
1.14148
0.303459
1.10066
1.72436
0.568904
0.738782
0.605229
1.59111
1.27048
0.540369
0.57643
0.101215
0.306797
0.162997
0.395139
0.256511
1.21143
1.27716
1.5228
1.02459
0.7286
0.726495
0.823427
1.66823
1.13599
0.212029
1.24305
1.87291
0.779724
1.07583
0.696264
0.908336
1.89533
0.23633
0.241162
1.15674
1.76996
0.992085
0.80503
0.316007
1.00934
0.964594
2.2736
1.45535
0.545887
1.10338
0.671877
0.715439
1.29453
1.1147
1.90836
0.632507
1.13862
1.49206
1.19548
0.149567
1.16976
0.917217
1.39913
1.35996
1.76364
0.321687
0.220144
0.426984
0.545627
1.08715
0.117374
0.252777
1.56913
1.67369
1.13525
1.24943
0.869527
1.53663
0.894856
0.406711
0.713197
0.978359
0.976922
0.892454
1.95384
0.567536
1.49096
0.989085
0.810295
0.42593
1.30221
0.370296
1.4076
0.701241
0.651982
0.466582
0.865019
1.20427
0.524023
0.475966
1.92177
1.02762
0.484624
0.780829
1.9117
0.593936
0.72977
1.46574
0.591145
1.35737
0.827004
1.3337
0.365005
1.57236
1.40309
1.1694
1.09377
0.443812
0.914511
0.498587
0.557582
1.42113
0.973859
0.856862
2.25215
0.824751
0.244619
0.495081
0.585049
0.756757
1.15045
1.81554
1.56753
0.108824
0.165215
2.16228
0.688827
1.30052
0.660355
1.54766
0.924613
0.747183
1.35658
0.52417
0.783477
0.703849
1.06498
0.32947
0.305455
1.16724
1.21424
2.17787
1.48912
0.716187
0.559671
0.566031
0.905696
0.843411
1.28217
1.20581
1.34558
0.449368
0.68221
0.457081
0.542607
1.35872
0.705663
2.11215
1.03795
1.1348
0.516445
1.28848
1.47695
0.8618
0.870549
0.447279
0.683231
0.641833
0.944458
0.535806
0.830654
1.50285
0.686179
0.455353
0.7096
1.00693
1.20769
1.74778
0.804454
0.616072
0.287604
1.5223
1.25889
2.34553
1.0105
0.391823
0.476535
1.28175
2.12896
0.716914
0.989384
1.59671
0.0951119
0.817661
1.27396
1.26125
1.03725
1.67155
0.572491
0.624113
1.10261
0.65102
0.376666
0.723938
2.1314
0.84502
1.64212
1.03804
0.864783
0.720032
2.22513
0.612971
1.04737
1.98997
0.776655
0.362558
0.791279
0.554138
0.327426
0.61668
0.371507
1.32062
0.556088
0.842259
1.10969
1.33981
0.735411
1.19406
0.653333
0.28466
1.48858
0.318229
0.555174
1.03379
1.83251
0.559305
1.60543
1.31052
1.03982
0.642795
0.435717
1.13489
1.66111
0.545628
1.32566
1.11621
1.38634
1.02703
1.22813
1.10922
0.844706
0.515663
1.03203
1.93727
1.04532
1.41746
1.02615
1.68374
1.43598
0.558
1.47819
0.599692
0.944573
1.463
1.00166
0.355797
0.968316
0.485388
2.39096
0.940308
0.362114
1.63747
1.6697
0.536252
0.56666
1.76256
0.460218
0.277794
1.18596
0.827122
1.16357
0.137015
0.204671
1.67499
0.25479
0.354076
0.991162
1.4271
1.11801
0.876592
1.04362
0.926547
0.342428
0.326878
1.33172
1.26507
0.457186
0.459868
0.858021
1.80908
1.18736
1.36529
0.225255
1.08037
0.581335
1.10193
0.411097
0.881003
0.588988
0.446755
0.528704
0.893501
0.426012
0.968661
0.607632
0.455603
0.521236
0.646568
0.39069
1.81346
0.84211
0.886332
0.724257
1.15712
0.422594
0.65632
1.15027
0.663195
0.962141
1.33274
1.18163
0.254456
0.457187
1.185
0.707511
0.0599019
1.37701
0.610429
1.45168
0.130805
1.23438
1.4937
0.353321
1.32979
1.21346
0.478654
1.624
0.401078
0.462528
1.09971
0.0847819
0.373863
1.83366
0.811248
1.44342
1.51804
0.479692
0.660794
0.237684
1.22364
1.53635
0.154591
0.538999
1.63788
1.75996
0.148432
1.79193
1.20845
0.653422
0.705831
0.995074
0.835513
0.338299
1.01076
1.30426
0.760453
1.24888
0.12753
0.298736
1.15896
0.579444
0.874203
0.580913
1.32644
1.14008
1.32596
1.83515
2.03443
0.97707
0.654942
0.694259
1.24405
0.980534
0.274744
0.928149
1.145
0.863473
0.600699
0.658187
0.761278
1.76044
0.250005
0.590149
0.629249
0.437198
1.44823
2.21677
1.71119
0.57291
0.773951
0.745978
0.640279
1.30321
1.21056
0.994142
0.841613
1.21501
0.487297
1.13247
1.09573
1.20968
1.35331
0.394006
0.0616629
0.470228
0.897975
0.528391
0.890191
0.964529
1.76795
0.454211
1.09155
0.267196
0.300956
1.61959
1.68412
0.843454
0.714481
1.23648
1.67086
1.85704
0.599604
1.19199
1.38904
0.938135
0.957376
0.711237
0.404892
0.249327
0.734721
0.624322
1.09024
1.13411
1.0342
0.130281
0.987129
1.98122
0.224247
0.789453
0.860141
0.10013
1.49778
0.994038
0.518162
0.73777
0.724666
1.94816
0.34405
1.26223
1.24239
1.22452
1.14239
0.777977
0.848721
1.62794
2.24163
0.414101
1.38717
0.687939
1.21886
0.116354
0.85269
1.23706
0.829649
0.619341
1.30831
1.09436
0.831259
1.59458
0.669677
0.926625
0.282424
1.31187
0.520012
1.26894
0.535591
0.478305
1.77441
1.32311
0.332496
1.50928
1.15906
0.549421
1.34916
0.662012
1.20986
0.25189
0.450878
1.87534
1.32889
0.790182
0.628211
1.45289
1.51622
1.65477
0.422626
1.32522
0.211169
0.661288
0.198528
0.885611
0.156739
0.427346
1.46574
1.81985
1.44125
0.978483
1.66674
1.72738
0.921055
0.799507
0.387157
0.875624
0.239356
1.29393
0.553222
0.922261
0.384575
0.399461
1.7284
0.374053
0.309267
1.48689
1.25001
0.854687
0.701608
1.10105
1.16833
0.254001
1.62852
1.69044
0.409706
1.24086
1.34275
0.651547
1.93967
1.43123
0.343812
0.253431
1.88573
0.853007
0.353579
1.40672
1.17535
0.869416
1.62082
0.415762
1.01803
0.341762
1.35484
1.80641
0.702148
1.0809
1.25043
0.430062
0.424983
0.544626
0.341896
1.0302
0.498331
1.53442
0.332626
0.907804
0.957089
1.24323
0.673694
1.16832
1.25643
0.508636
0.85408
0.633058
0.366929
1.06617
0.978238
1.28655
1.60028
0.718466
0.394468
0.761527
0.444154
0.511194
0.2469
1.09493
0.624548
0.423252
0.213621
0.747523
1.04392
0.992942
0.753933
0.655456
1.28524
0.752648
0.410334
0.309497
0.980417
1.10991
0.926942
0.734974
0.274161
0.660793
0.555312
1.18054
0.787216
0.673772
0.489528
0.932778
1.19636
0.526584
1.32562
0.637195
0.930365
1.29216
0.89614
0.480757
0.436814
0.982371
0.634949
1.25736
0.0728617
0.708341
0.986609
0.997459
1.20512
0.521821
0.495169
1.22669
0.831065
1.19847
0.505447
1.19722
1.71882
0.82615
0.539725
1.08318
0.160541
2.01284
1.20381
1.20297
1.2178
0.638832
1.51357
1.08859
0.748998
1.52521
1.41041
1.63863
1.15344
1.52015
0.395067
0.383763
0.743888
0.852442
0.834587
0.346954
0.253191
1.91917
0.390931
0.286181
1.35754
0.775561
0.532655
0.521697
1.75672
0.936064
1.4555
1.17558
0.802175
1.24906
1.61917
0.576163
0.818943
1.51145
2.13959
1.04717
0.459874
1.20343
0.833908
1.13374
0.98377
0.349785
1.1129
0.88308
0.657876
0.464799
0.85289
0.527103
0.913778
0.462187
1.44917
0.775456
0.424922
0.182959
1.20603
1.97925
1.51974
1.52452
0.549703
2.11755
1.90372
0.93383
0.12174
0.792275
1.05136
0.841652
0.766885
0.676883
1.58821
0.879785
0.3812
0.699405
1.45248
1.22831
0.681195
0.479735
0.368175
0.167421
0.91467
0.609027
0.463915
0.941205
0.679183
0.812969
0.840705
0.930442
0.820194
1.29275
1.26482
1.43931
1.30366
1.60628
0.688783
0.814419
1.00702
1.30078
0.160262
0.391159
1.64805
0.729062
1.0092
0.583431
0.861534
1.18361
1.5327
0.418493
0.820593
1.24069
0.553458
0.0921982
0.647663
0.494535
0.80463
1.08525
0.430095
0.703424
0.353196
1.55974
0.654967
2.25984
1.08268
1.11622
1.16126
1.16076
0.738631
1.83879
1.34508
0.74012
0.835251
1.24983
1.00763
1.02387
1.21234
0.426493
0.757844
1.91244
0.214893
0.654616
0.636225
0.621519
0.966761
1.63809
0.857402
1.86262
1.37716
1.67565
1.20369
0.818488
1.26474
0.47594
0.386924
1.35902
0.325622
1.47615
0.53437
1.43865
0.250465
0.718263
1.44234
0.315449
0.967293
2.26007
1.1491
1.07832
0.356716
1.20966
1.21213
1.09731
0.919947
0.65903
0.684297
1.54063
0.245218
0.947978
1.51435
0.782038
0.50202
0.333019
0.547723
1.99134
0.699224
0.907535
0.75029
0.884044
1.09515
1.42015
1.29361
1.42903
0.659117
1.49627
1.64901
0.629888
1.09457
1.68145
1.59994
0.956752
0.894216
1.3395
0.540108
1.09626
0.55672
0.789775
1.9926
0.505886
1.91996
1.11193
0.952159
1.72011
1.19259
0.369321
0.470406
0.634536
1.11078
0.116879
0.369005
2.15507
1.88715
0.500018
0.896771
0.506433
1.71333
1.33874
0.309854
1.62886
0.581462
0.8237
0.856026
0.793213
1.04434
0.901403
0.192719
0.518906
0.199776
0.821453
1.36971
0.458804
1.00104
0.589646
1.29174
2.02437
0.537504
0.793592
1.58329
1.77033
1.04795
1.65425
0.121222
0.834691
0.877164
0.965002
1.43976
0.526382
0.297572
0.889725
0.328589
1.31196
1.11123
1.00735
1.29501
0.232554
0.776102
1.38915
0.737649
1.51381
0.436989
0.117039
1.11151
0.165703
1.0128
1.25745
1.09805
0.773805
0.426854
0.712234
0.264884
1.01111
0.487225
0.935129
0.342433
1.41194
0.434519
0.711302
0.512286
1.39626
0.907902
1.33311
0.686266
1.02843
1.51099
1.50886
0.643129
2.17373
0.26513
0.482554
1.74138
1.11377
1.04118
1.16142
0.770816
0.294442
0.238565
0.274232
1.74255
0.808194
0.691951
1.69199
1.21128
0.795821
1.26051
0.796142
1.86946
0.599117
1.52993
0.441244
0.103663
0.807255
0.329342
0.548757
1.03708
0.835543
0.760433
0.588388
0.203048
0.617343
1.17991
0.205948
0.640069
0.55238
0.753586
0.642347
0.593629
1.58418
0.966748
0.794649
1.18078
0.769525
0.275201
0.339101
0.660683
0.212585
0.447285
1.13075
1.44841
1.31542
1.08461
0.460559
0.733408
0.701464
1.06941
0.213884
1.56858
1.31336
1.58241
1.54096
0.283669
0.544885
0.554443
1.45307
0.348987
0.630461
0.66575
1.51609
0.728703
0.787053
0.778602
0.717209
1.09377
1.37278
1.03155
0.972186
1.04043
1.38872
1.57026
1.97877
0.776513
1.77119
1.94618
1.096
0.966174
0.109162
1.37808
0.82002
0.674167
0.96703
0.92673
0.732207
0.670092
0.538329
0.269146
0.575361
1.0279
0.654018
0.130699
1.35857
0.215768
0.999628
0.785754
0.701797
0.734974
0.509151
0.927532
2.03458
0.538969
0.654086
0.731941
0.235096
0.659666
0.556788
0.862166
0.867223
1.2908
0.193114
2.00386
1.01081
0.538469
1.5448
0.731002
0.571863
0.589116
0.797195
0.289226
1.49525
0.387367
1.62519
0.144224
1.08754
1.22828
1.11838
0.67283
0.917713
0.337907
1.10151
0.978889
0.393239
1.87375
2.03144
0.84426
1.47294
0.63407
0.257127
1.18254
0.579408
0.188413
0.595419
1.02493
1.36878
0.194723
0.867092
0.911134
0.895038
1.22812
1.24392
1.12626
1.00554
0.216446
0.877664
2.04361
0.0354623
0.843374
1.55409
0.302128
0.257805
2.24714
1.26577
0.839781
1.48233
1.06115
0.310234
0.538338
0.416982
1.90629
0.81673
0.560804
0.701837
1.43964
0.63848
0.925243
0.683467
1.66972
0.723169
1.2352
1.52025
1.51482
0.598636
1.82857
1.74037
0.920381
0.486367
1.37759
0.926657
1.30521
1.11701
0.589451
0.512714
0.644856
2.3103
0.671358
0.906488
0.519564
1.44089
0.231539
1.05065
0.984916
0.969355
1.52264
0.997013
1.0019
0.824297
0.892311
1.30153
0.473916
0.193956
1.04522
0.93652
1.02599
0.942512
0.865487
1.70304
0.869898
0.208543
0.942143
0.634867
0.457339
0.87894
1.59593
1.42484
0.871558
1.02376
0.520048
1.23925
1.593
1.64626
0.826874
0.0625479
1.67621
0.609399
1.12512
1.65946
0.941807
0.372399
0.868624
1.69437
0.730679
1.19783
1.0928
0.512696
1.44295
1.62343
1.45571
0.146937
2.12249
1.37194
0.231382
0.648878
1.17359
2.16632
1.41938
0.695915
0.570735
0.661281
0.671243
1.7969
1.49392
0.799051
0.236588
1.38658
1.20206
0.911263
1.14
0.398641
0.966443
1.64413
1.85545
0.716083
1.75484
0.685873
1.1977
0.160029
0.0912807
1.49166
0.26346
0.246901
0.84651
0.589088
1.31813
0.607111
1.14971
0.852919
0.874016
0.62983
0.323324
2.06
1.62342
2.07264
1.16268
1.06248
0.873169
0.489318
0.433483
1.09501
1.08234
0.681052
0.805002
0.717779
0.634264
1.26452
0.626401
1.45779
0.611907
0.31241
0.908774
1.31668
1.16663
0.214143
0.0272283
0.520624
0.128835
1.53844
0.661494
1.17071
0.25837
0.920414
1.15807
0.684323
0.277206
0.122529
0.541706
0.663705
0.639966
0.330996
0.228943
1.99138
0.745561
1.89981
0.943554
0.888831
1.36729
0.49817
0.534516
2.24638
1.15506
0.739679
0.993211
1.38795
1.02444
1.09645
0.140091
1.02968
1.06641
1.64197
1.3908
0.669527
2.02221
0.882635
1.03937
0.886494
0.652318
0.86975
1.63113
1.14961
1.32954
1.31128
1.46406
1.36644
0.577073
1.14384
0.772433
0.319436
0.850375
0.903907
0.287753
0.86142
2.12017
1.40166
1.22119
1.18297
0.706223
1.91298
0.798653
0.361764
0.639142
1.69486
1.30121
0.39955
1.085
0.294577
1.57947
2.14519
1.14292
0.932802
0.690523
1.58663
0.971229
1.35788
0.897119
0.778339
1.36658
0.314222
1.09317
0.916855
1.48004
1.23149
1.31237
0.92841
1.43798
0.728494
1.36676
0.254921
1.12957
1.12578
0.679313
1.08354
0.651027
1.59951
0.0760376
1.39626
1.48495
0.955525
1.04974
0.343284
0.395422
0.864664
1.24271
0.385353
1.11667
0.537486
1.19952
2.03808
0.817224
0.671371
0.324192
0.549765
0.821565
0.29533
1.00036
1.19453
0.724241
0.230252
1.99348
1.51487
0.318718
0.864693
1.18968
0.313413
0.514377
0.70971
0.606683
0.8665
1.00632
1.85179
1.50288
0.650202
0.378253
1.16883
1.74081
1.6636
0.887321
0.250162
0.928505
1.34895
1.69878
1.46879
1.34485
0.509515
0.749258
0.4822
0.917534
1.0882
0.966466
1.42704
0.991255
1.17457
0.930464
0.692809
0.533992
0.241754
0.821411
1.44694
0.685313
0.941813
0.464798
0.368465
1.3124
0.888292
0.47254
0.96074
0.472033
0.410257
1.15565
0.382731
0.47562
0.888372
0.533263
1.38634
0.276397
1.78343
1.90216
1.44639
0.727188
0.371023
1.66827
0.843445
0.716402
1.45845
0.839453
0.807974
1.36904
1.70717
1.31374
1.07061
0.960633
0.6324
0.247478
0.862786
0.933686
1.08076
0.454636
0.480986
1.29702
1.17775
0.561079
1.34956
0.998583
1.23834
2.04758
0.639431
1.21579
0.813128
1.22284
1.73989
0.991412
0.458932
0.199516
1.19859
2.05605
0.858669
0.710058
0.80861
1.00623
1.14016
1.68604
1.86709
0.73942
1.29503
0.939177
1.5097
0.531288
1.31262
0.0577599
1.0489
1.64082
0.911058
1.89838
1.03543
0.663551
0.155589
0.652278
1.85013
1.03712
0.682513
0.789028
0.546551
0.46992
1.45916
0.749004
1.59746
1.44372
0.313426
0.952833
0.78122
1.00068
1.55381
1.18495
0.84538
0.991863
0.74132
0.733023
0.573249
1.56958
1.21769
1.02887
0.690686
0.730407
1.39529
0.317588
1.71641
1.9574
1.09997
0.614577
1.09578
0.974001
0.0906398
2.29315
0.80421
0.446328
1.17744
1.43783
0.537618
1.23902
2.14687
0.983396
0.630339
1.06119
0.753198
0.532752
0.271732
0.943618
0.70608
0.401945
0.350025
0.412009
1.74204
0.170474
0.616637
0.716211
0.815081
0.928338
2.20859
0.505984
0.325777
1.97156
0.801788
0.571699
1.22042
0.69329
1.19414
0.898159
0.670238
0.512965
0.926399
0.331747
1.60857
0.930578
0.696499
0.599928
0.248934
0.860293
1.80353
1.56051
0.862929
0.305693
0.892945
0.314669
0.949878
0.365202
0.840713
0.744157
0.907139
1.29366
1.71905
0.178607
0.400383
1.36735
1.38587
0.95381
0.826088
0.113635
1.26118
0.306516
1.0087
0.855743
0.459778
0.991819
0.105041
0.365311
1.31547
0.996161
0.962875
0.594881
1.07899
1.2475
0.452364
1.26204
0.788009
0.93588
0.717268
0.332021
2.14901
0.920637
0.280893
0.987746
0.393633
1.82534
1.17536
0.535216
0.847265
0.636441
0.159326
1.21858
1.10362
0.81124
0.696488
0.303387
1.68059
1.35616
0.763469
1.42338
2.06573
1.75475
0.48968
0.78746
1.21708
0.854947
0.527007
1.38696
0.4256
0.942648
1.18783
0.324247
1.74803
0.110886
1.26397
0.560144
0.162992
0.280569
1.25124
1.71863
0.911473
0.290831
1.29499
0.179434
1.1608
1.04536
1.99072
1.31329
1.02165
0.878017
1.18236
1.51397
1.95079
0.958416
1.44337
1.47296
0.706448
0.590765
1.89513
1.02183
0.615476
1.67826
1.61883
1.58936
0.858619
1.36556
1.08816
0.314688
0.772381
0.945162
1.35153
1.2821
0.675123
0.327481
0.626985
0.151225
0.550059
0.751701
0.596641
0.935439
1.22971
1.30657
2.19517
0.427552
0.216405
0.560077
0.26165
1.19849
0.137973
1.28566
0.0916502
0.424235
1.37985
0.718926
1.67601
0.390113
1.0517
0.710719
0.703575
0.73217
0.938503
1.06271
1.23975
1.32273
0.753964
0.812102
0.698718
1.15764
0.69125
0.635431
0.94128
1.25863
1.04732
0.479013
0.0571885
0.634237
1.38998
1.73879
1.28401
1.46333
0.660527
0.486876
0.350572
0.741891
0.254701
1.0425
1.27081
0.292922
0.416505
1.29333
1.60759
1.31213
1.09772
0.502446
0.551775
1.21093
0.348811
1.83752
1.12121
0.782694
0.546109
0.748225
1.11425
1.01622
0.535039
0.92429
1.28747
1.23013
1.01866
1.5403
0.761576
1.7868
0.261944
0.400658
0.666553
0.552603
0.580476
0.625302
1.31577
1.15806
1.26383
0.896953
1.62141
1.1537
0.963478
0.947355
1.51573
0.706523
0.2328
0.805731
2.44875
0.866704
1.17229
1.32611
0.983625
1.74342
1.04976
0.60968
1.3089
0.912581
0.756833
0.362527
0.531274
1.62058
0.130696
0.531474
1.63899
0.0769232
1.05105
1.13083
0.594214
0.805268
1.21771
1.82512
0.754941
0.581629
2.06054
0.157761
0.526053
0.846754
0.945047
0.44455
0.871236
1.36096
0.98684
1.84864
1.44912
0.473204
0.753891
0.123928
0.171542
1.30276
1.29285
1.10923
1.03884
1.01541
1.61726
0.757597
0.601783
0.374445
0.657245
0.333715
1.44517
1.34326
0.206893
0.443557
0.920671
1.3236
1.63146
0.816482
0.260674
1.13943
0.979497
0.822888
0.0555827
1.47762
0.822467
0.633127
0.23752
0.447613
1.30421
0.321331
1.29454
0.496812
1.02763
0.878211
0.298875
0.886181
1.71465
0.51054
0.61273
0.960414
1.43968
0.865401
1.62286
0.97548
0.361284
1.06195
1.42834
1.51048
0.118394
1.55896
0.440828
0.823377
0.608761
0.546423
0.451701
0.919608
0.963323
0.189773
1.30207
0.826984
0.489913
0.510822
1.07656
0.493152
0.254181
0.364124
0.721209
0.102496
0.786358
1.22176
1.41814
1.41278
1.46743
1.5125
0.838519
0.397348
0.947409
0.952226
1.18402
0.236487
1.08075
1.8306
0.666035
0.481457
1.09551
1.87914
0.910303
0.670265
0.79196
0.417604
1.51866
1.25741
0.651536
0.758219
0.349894
0.936377
1.02165
0.528017
0.96519
1.64202
1.20121
0.778858
0.891435
1.00424
0.284834
0.971155
0.213678
0.903436
0.557096
0.283005
1.11194
1.56692
1.22646
0.958104
0.659149
2.06217
0.567102
1.89508
1.02311
1.90442
0.369316
0.571921
1.34925
1.38464
1.29694
0.946795
0.695128
0.365262
1.22346
1.23906
1.73018
0.344846
0.654072
1.56861
1.00457
0.925229
0.453892
1.14948
1.53274
0.571144
0.403173
0.215024
1.60683
0.508348
1.02204
0.624011
1.30072
1.12487
0.775952
1.24057
0.346186
0.419875
1.42652
0.72236
0.532208
1.7306
0.816932
0.490341
1.2998
2.05743
2.0168
1.19165
1.58886
0.418655
0.759225
1.34598
1.12773
1.01167
1.10521
1.36895
0.633726
0.832026
0.542385
0.69561
0.943573
0.959074
2.00269
1.41777
0.689185
0.454185
0.797012
1.72931
1.76843
1.00138
0.522983
1.35439
0.673335
0.866144
0.426983
0.428748
0.333838
1.88452
0.431721
0.922717
1.97693
1.20195
0.829459
1.31149
1.22195
1.45446
1.16863
0.583541
1.17294
0.294182
1.48406
0.613776
0.489541
1.03808
0.886019
0.616407
0.186341
1.05089
0.512157
0.63488
0.317885
0.43316
1.12795
1.29239
1.10425
1.30955
0.140747
0.757139
1.05227
1.06533
0.920487
0.829356
0.543414
1.63976
0.270983
0.0756081
0.698999
0.998117
1.56452
1.32409
0.192875
0.932738
1.53472
0.912315
0.93615
1.60483
1.32357
0.871627
0.00905825
0.596517
0.640915
1.15332
0.897642
0.403687
1.74083
0.688093
0.258273
1.08464
0.499798
1.97926
1.95902
1.22408
0.758608
1.26254
0.189867
0.900322
0.624017
0.700183
0.88647
0.229041
0.607689
0.895446
0.339343
0.836879
0.871408
1.00408
0.948799
0.388071
0.298059
1.31882
2.02787
1.07444
0.695235
1.06223
1.14875
0.458516
1.19554
1.04436
0.917137
0.469461
0.994335
1.38097
0.82267
0.543395
1.30467
0.225521
0.65996
0.390769
1.54452
0.689325
0.297455
0.519663
2.05594
0.608864
0.498138
0.913448
0.70234
0.254262
0.470461
1.0067
