1.0793
0.524794
1.31844
0.328284
0.651132
0.332208
1.63254
1.01814
0.777976
1.19104
0.83949
1.36743
0.454016
0.080081
1.34028
1.54901
0.965827
1.31558
1.14907
0.380234
0.713081
0.943341
1.57182
1.94464
1.97269
1.05323
1.68469
1.11483
0.351074
0.765786
0.985838
1.53273
0.59198
1.46727
1.30465
0.787434
1.19435
1.09788
1.70332
0.429154
0.491579
0.521326
0.75624
1.08354
1.91782
0.903592
1.62891
1.95765
1.11128
0.559577
1.84586
0.876282
0.420925
0.91611
0.175716
0.353603
0.900431
0.866727
1.25505
1.80156
0.642021
0.842202
0.879624
0.56446
1.27356
1.3119
1.36888
0.947159
0.814428
1.16286
1.24306
0.753179
1.24381
1.7424
2.05682
1.27524
1.10874
1.14744
0.404872
1.4214
0.280394
0.496198
1.98815
0.49922
2.0326
1.37812
0.57256
0.453725
1.30566
0.54994
1.22548
1.0333
1.80539
1.37014
0.54094
0.501988
0.706084
0.759367
1.10777
0.838416
1.90065
1.0745
0.627934
0.663036
0.835998
1.73986
1.59934
0.658337
1.49492
1.17742
1.57199
1.34331
0.98922
0.707856
0.866286
1.25487
2.12276
0.378348
0.826147
0.79253
1.42364
1.74696
1.52957
2.41597
1.1144
0.537987
1.13598
1.11636
1.81567
0.909144
0.68458
1.591
1.69452
1.41219
2.11066
1.00141
1.6321
1.79789
0.807036
0.701917
0.529932
0.726457
1.14811
2.35027
0.176626
1.94854
0.963647
1.02789
2.00335
0.614362
1.47755
1.90894
0.996777
0.718876
2.18697
1.56971
0.678462
1.14537
0.673347
1.04454
1.11468
2.50129
1.81199
1.29504
0.926616
2.0319
0.980767
1.11026
0.833839
0.527946
2.18698
0.970693
2.06195
2.93062
1.65016
0.334112
0.67091
0.140376
0.603435
0.372213
0.970915
0.288043
1.92126
0.369054
1.81877
0.767972
1.77994
2.11837
0.969116
0.840235
0.974681
1.39495
1.81484
1.52598
1.41264
1.56114
1.60191
2.09214
0.567941
1.33401
0.824732
2.42414
1.27934
1.17278
0.719459
1.47667
1.9985
1.06754
0.715375
0.319495
0.782178
1.01043
1.35704
0.901866
1.81843
0.96826
0.723357
0.693575
0.797239
0.698171
1.73472
1.42666
2.83608
1.85243
1.1782
1.06669
0.839385
0.149394
0.270939
0.846915
1.01127
0.667632
2.03526
0.357236
0.697995
1.26432
1.45516
0.642778
0.760908
1.08832
1.0244
2.00353
1.92954
1.56927
0.468147
1.93825
1.02326
0.442543
0.831262
1.74073
1.68393
0.897985
0.689982
1.0142
1.86834
2.87985
0.774154
2.07322
0.947314
1.44127
1.41204
1.43166
2.28099
2.24259
2.43727
1.08621
1.45744
1.42326
1.38499
1.70641
1.18762
1.23347
1.38027
1.63622
0.968405
1.19153
0.930793
1.26033
0.467455
0.306702
1.41931
1.73464
1.6453
2.29249
2.40455
1.549
1.3044
0.374402
1.6559
1.55328
1.26587
0.689431
1.64162
0.726985
0.174883
1.29476
0.808775
0.261193
0.386756
1.57645
1.92245
0.48679
1.43155
1.01534
0.483467
2.54046
0.59834
0.988292
0.654957
1.60246
1.37759
1.50584
1.62435
1.20809
0.48011
0.836795
1.22032
0.781523
0.999882
1.12966
0.951144
0.490923
1.35406
0.948543
2.04942
1.56114
1.47845
0.566569
0.531582
0.69397
0.673941
0.185151
2.12682
1.06575
2.52428
2.43307
0.829886
1.29298
0.657814
1.19593
0.752626
1.41329
1.03458
1.51802
1.41884
0.365071
0.337955
0.406211
1.17647
0.736222
0.681049
1.79605
0.565697
0.0791523
1.36804
1.44553
1.24547
0.662584
0.399202
1.50409
2.00417
0.954819
1.92003
1.3426
0.449141
0.3284
1.7283
1.7834
1.32922
1.34199
2.00518
1.01238
1.75462
2.21915
1.48838
1.35673
1.19455
1.20598
1.50768
1.09954
1.69373
0.501209
1.82242
0.524225
0.877938
0.844403
1.74944
0.790993
1.52248
0.73524
0.512082
0.833444
0.633966
0.401806
1.40861
1.41929
0.56159
1.62276
1.48836
1.44586
1.57907
1.40764
1.41633
0.462999
1.61589
0.79911
0.358205
0.563401
0.987094
0.554868
0.100099
0.668832
1.58353
1.62316
2.78359
1.20806
1.27776
0.471717
1.01169
0.278677
1.77581
0.864811
0.758334
1.11786
0.478978
0.97172
0.679685
1.87029
1.68935
1.27436
0.51845
0.777269
1.41972
0.876133
1.95775
0.874122
0.924722
1.70323
1.2478
1.42291
2.19918
1.18054
0.198743
1.57582
1.25168
0.909312
0.0257051
0.782198
1.59963
1.54144
0.94593
1.05237
0.933578
1.66036
0.818117
1.45687
0.970852
0.257674
2.05558
0.907992
1.6031
1.83799
1.45831
0.42993
0.988497
1.13755
0.418225
1.23992
1.54204
0.957872
1.2636
1.5612
0.730358
1.50372
1.22913
1.20695
0.89069
0.157365
0.89729
0.929938
1.50999
1.30866
1.16908
0.750887
1.54384
1.1744
1.14965
0.410865
1.53591
1.07561
1.58543
0.647586
1.21065
0.87059
1.09766
2.19891
0.951575
1.268
0.930599
1.24941
0.549938
2.09701
0.565866
0.347336
0.341201
0.583948
1.3182
1.53302
1.3068
0.515242
0.499596
2.12673
1.44798
0.435101
1.55348
0.828525
0.78042
1.01483
1.96211
0.407339
2.39725
0.0356036
1.00336
1.68349
2.19751
1.59601
0.865469
0.75912
0.556771
0.604039
1.15143
0.290218
1.18503
2.07732
1.32772
1.4974
1.23628
1.733
0.96307
1.01633
0.930976
0.984441
1.10211
0.868043
0.654973
1.99392
2.21191
0.831009
1.1898
1.53888
1.69226
1.39252
0.799288
1.97615
2.32553
1.51213
1.58409
1.43765
1.08974
1.51721
1.57888
1.01467
2.22975
1.15632
0.812553
1.05274
0.500497
0.776441
1.1191
2.14179
1.44625
0.413639
1.7653
2.44822
0.898288
0.217089
0.0860458
1.18586
0.420873
1.01733
0.873039
1.41435
0.911965
1.61278
2.76767
0.741046
0.792912
1.01665
1.93147
1.459
2.24453
1.67119
2.40294
1.45654
0.86029
1.75071
2.57925
1.90234
1.61073
0.881453
1.1854
0.793488
1.65394
2.75542
1.67542
1.25984
1.59457
2.66566
1.79456
1.38321
0.600017
1.84205
1.13897
1.01093
1.34011
0.436288
1.12523
0.744105
1.52921
0.705525
0.86269
1.55149
1.32313
1.12905
1.08861
0.891436
0.770592
0.972718
0.735593
0.771273
1.82386
0.869304
0.565049
1.254
2.28145
2.48362
1.52729
2.01103
0.465199
1.55158
1.39545
2.05483
1.2435
0.226159
2.09987
1.12466
1.41966
1.66657
1.72565
2.67602
0.575073
0.437102
0.180622
1.27722
2.07748
1.2016
1.07238
1.04754
1.04371
1.68853
1.19805
1.51889
1.48066
1.35417
0.160251
0.275598
0.999887
1.21294
0.652815
1.19296
0.235815
0.373557
2.25009
1.47536
1.27102
0.824159
0.812773
2.14112
0.0935705
1.1166
0.624287
1.56525
0.924473
1.12512
0.887671
0.834841
0.448405
0.853351
0.40186
0.0969558
1.99984
0.804176
1.61172
1.91214
1.70315
0.527597
0.720114
0.640598
1.37059
0.855121
0.673953
1.15051
1.44
1.36222
2.28764
2.02836
1.60513
0.599036
0.53388
1.82677
1.57491
2.10711
0.360529
1.08229
1.55584
0.412382
2.27287
1.09446
1.05618
1.98117
0.503827
1.26885
1.07484
1.81659
1.50919
0.673858
1.07563
1.90952
0.112678
0.343868
0.336903
1.46762
1.74643
1.73234
0.984521
1.33658
0.934903
1.88475
2.42356
1.6323
1.24492
0.855023
1.20279
1.11778
1.23873
1.11918
0.804883
1.13431
1.02825
1.5528
0.487126
0.750812
0.169114
1.72912
1.54199
1.88512
1.78976
1.33595
0.602031
1.30639
1.36866
1.57697
1.0085
0.852438
2.47951
0.548904
0.324686
0.896584
1.12088
0.812173
1.57805
1.47444
2.46014
0.79604
0.656286
0.506732
0.717082
0.785019
1.56382
0.493066
1.11078
1.12556
0.857978
0.341354
0.722407
2.14078
1.13238
1.23311
1.14975
1.65562
1.07264
0.131162
1.3778
1.59925
1.05853
0.624271
0.707839
0.893596
0.74019
0.192062
0.782166
2.26201
2.30902
2.81861
1.48473
2.52901
0.776129
0.649279
0.835069
1.91703
1.47444
0.87536
1.51677
0.713214
0.567295
1.49562
2.2119
1.08634
0.77397
0.917191
2.21054
1.56634
1.53915
1.63108
2.20963
0.445551
1.63518
1.34176
1.13521
1.43958
1.72905
1.26069
1.1363
0.556712
0.809487
1.11655
2.29299
1.67536
2.23009
1.45119
1.97511
1.6269
1.98937
2.09569
1.74843
0.418182
1.5679
2.16496
0.752662
1.28577
0.688799
0.978566
1.91048
0.789759
1.64883
1.01422
0.24745
0.826574
0.782079
1.09674
1.05472
0.321297
1.509
1.26267
0.0583648
0.926616
1.49343
1.79752
0.981467
1.35995
1.28292
0.822546
0.237458
1.85905
2.24882
1.63548
1.66009
1.82222
1.07538
0.680181
1.25529
1.01974
1.9548
0.755492
0.99883
1.23377
1.27696
1.37282
1.03173
1.36127
0.638863
1.61345
2.58203
0.668261
0.760265
0.890429
2.36958
0.538274
1.28852
2.344
1.21989
0.543729
0.389307
1.45983
2.28486
1.68697
2.08406
1.74316
0.991589
2.3742
0.163431
0.818536
1.25277
1.93596
0.317983
0.379329
1.51698
0.782663
1.01993
1.70627
0.868428
1.3096
0.25585
2.23103
0.658472
1.3476
0.985895
0.910063
1.44113
1.88609
1.36531
1.28767
0.804199
2.06296
1.47622
0.592601
2.05588
1.58622
0.44866
0.749601
0.523198
1.99826
0.71212
1.78303
1.34284
0.69584
1.46553
0.867578
1.73013
1.40159
1.00801
0.830826
1.28585
0.573886
1.12786
0.786995
1.39319
1.28174
0.505126
1.43708
1.84235
2.36067
1.59963
0.467727
1.15057
1.21624
1.64736
1.55621
2.03775
0.301981
0.327749
1.50247
0.246382
0.957756
0.951085
1.178
2.05829
1.5054
2.04367
1.16131
0.871361
0.995157
1.17782
1.54226
1.76983
2.35418
2.09272
0.818908
0.754344
0.7743
1.43285
2.2733
1.11879
1.36186
0.871316
0.127493
0.665311
0.250524
1.1349
2.16688
0.894561
1.14365
0.675875
2.58922
0.475331
0.756862
0.483749
1.60989
0.884653
1.49558
1.27768
2.13447
0.940475
0.886903
2.21015
1.53304
1.29832
1.40786
1.37018
0.454481
0.569928
0.267602
0.213802
0.266232
1.05304
1.22138
1.88737
1.15919
1.18839
0.601487
0.845976
0.644333
1.89583
1.20553
0.675486
1.79509
0.577077
0.285083
1.53006
1.03368
1.45724
0.788276
1.19035
0.495391
1.00569
2.03622
1.5702
0.245532
0.701022
0.655001
1.25578
0.171686
0.619738
1.42625
2.05717
0.534863
0.771054
1.16955
0.712555
0.733063
1.00115
0.481972
0.483277
1.84026
1.75675
0.595256
0.800568
1.75983
1.33382
1.69841
0.645462
0.934701
0.364802
0.842144
1.97792
1.91515
0.819243
2.12227
2.23924
1.71142
0.736525
1.99624
0.460027
0.286299
1.48601
1.15167
2.29547
0.723365
1.79886
0.620644
1.49167
0.772259
0.622804
1.30665
2.5656
1.84128
1.7524
1.43849
1.06822
1.57378
0.976565
0.471229
0.448251
2.37964
1.30345
1.41789
1.99788
1.27135
0.505084
0.888788
0.851373
1.06885
1.9882
1.5361
2.42856
1.26467
1.19277
0.771667
0.631813
0.261243
1.00087
1.02676
0.499338
0.964931
0.816481
0.761881
0.838939
2.30071
1.36438
1.50939
1.07719
1.16451
0.601872
0.658757
1.67195
0.608291
0.388828
1.36937
0.824925
0.859519
0.666271
2.29535
0.73087
0.504898
0.896891
1.09417
0.391228
1.05998
1.45227
1.5598
1.54369
1.33778
1.32802
1.33094
1.99309
1.68808
1.74918
1.03508
0.667897
1.23197
1.35049
0.638267
0.603446
1.39141
1.4801
0.497483
0.621837
2.4735
0.530315
1.71019
2.00701
1.07797
0.582686
1.71923
0.906821
1.32631
1.8878
0.458634
1.28731
0.90166
0.965839
0.464285
1.54183
0.467132
0.656665
1.05183
1.28154
0.926219
0.308329
1.27631
0.902351
1.91807
0.495396
1.03955
1.83206
1.66917
1.77144
1.11347
2.81862
2.36739
1.2362
1.98386
2.09269
1.14759
0.17842
0.473666
0.69839
1.5434
0.997046
0.562228
1.1222
0.340249
0.775603
0.612213
1.32717
1.39694
2.12288
1.86449
0.958146
0.747092
0.440582
0.581965
0.0641138
1.34501
0.771857
1.38595
1.74183
0.940546
1.16563
0.387739
1.06786
1.16909
0.856569
0.283569
1.73585
0.630052
0.262763
0.907981
0.961308
0.867117
0.589754
1.41797
0.310122
2.07501
0.874445
1.95855
1.0007
1.96856
1.01631
0.907466
0.769166
0.167932
1.13093
1.21211
0.941863
2.35444
2.00812
0.984714
1.40393
1.5337
0.0856791
1.95094
0.392118
0.576761
1.71395
0.317595
0.923702
2.15438
0.983116
0.903221
0.129932
0.408849
1.77848
0.995739
1.6743
1.20603
0.353403
1.06483
0.939662
0.362017
1.33506
1.5382
0.96563
1.20346
0.897724
1.44491
0.844896
0.790036
1.7497
0.821018
0.63856
1.64724
1.09445
1.52108
0.947467
1.27721
0.868757
1.05535
0.548491
1.7085
1.35444
1.17406
0.283891
1.50817
1.52983
0.393104
1.05777
0.678955
0.689784
0.328593
2.10347
1.87163
0.421876
1.36428
1.39334
0.88257
0.974482
1.2001
1.44457
1.07563
0.63819
0.588005
0.713648
1.65518
1.0882
0.984852
0.872665
1.23503
1.73472
1.27401
1.57041
0.538336
0.965757
0.857026
1.36387
0.716244
1.99418
1.44001
1.61891
0.793023
1.64384
1.75814
0.748297
0.976168
1.03159
0.998667
0.572189
1.08045
1.73741
0.59725
0.563244
1.64532
0.533338
1.41247
1.51198
0.84069
0.93791
0.692419
1.00593
0.85945
0.6321
0.391472
0.467083
1.91667
0.405674
1.14016
0.818961
2.19014
1.29103
1.2093
1.42701
1.29615
1.10524
1.23946
2.05972
1.45894
1.00266
0.915096
1.40684
1.70421
0.43659
1.01355
1.1543
1.82649
0.729259
0.586623
0.853787
1.16755
2.53484
1.28538
1.00573
1.59784
1.30946
1.1851
0.697838
1.34604
0.835163
0.897339
1.07572
0.585829
0.435622
1.52829
1.61687
0.92441
1.086
0.956202
1.60735
0.224805
0.121811
1.0666
0.588059
1.13047
0.64276
1.11453
1.37733
0.97636
1.07136
1.10706
0.410212
0.764049
1.17707
1.41531
0.916152
1.57066
1.70703
1.27332
1.06949
1.51278
1.57407
0.682255
1.98074
0.727929
1.94392
1.73264
1.89769
0.818877
0.425472
1.58578
1.96637
1.11503
1.32052
1.76281
0.454544
1.2826
1.17178
0.870054
1.60261
1.26575
1.08676
0.594681
1.53686
0.959471
0.918876
1.15502
1.15813
1.01633
0.643016
1.95064
1.25265
2.0399
0.500976
1.1311
1.12936
0.699805
1.88716
0.888476
1.07607
1.82612
2.70878
1.29646
1.40717
2.34826
0.671511
1.40439
1.55274
0.281112
0.380581
0.956423
1.47203
2.21354
1.50178
0.359297
1.03221
0.844404
1.94943
1.11503
1.88791
1.15587
0.87057
1.66843
2.32283
1.90096
1.24039
2.06229
1.98341
0.547312
1.03668
2.07104
0.882644
1.13516
1.72279
0.968626
0.383146
0.420628
1.11662
1.26914
0.917044
0.922043
0.426122
0.723432
0.47862
0.996577
1.02934
1.25138
0.383992
1.3979
0.682305
0.535952
1.22853
0.297226
0.857965
0.605853
1.1759
0.501654
0.703601
1.51699
1.1129
1.34822
1.49212
2.09536
2.01774
0.689306
0.689623
1.81905
0.589051
0.802138
0.763541
1.57389
0.917711
1.63071
1.65955
1.44272
1.48625
1.18262
1.3198
1.47079
1.58799
1.89429
2.10666
0.959903
1.64206
2.02978
0.193578
0.993999
1.53336
0.704741
0.236447
1.22176
0.599279
0.696028
0.4907
1.16965
1.09646
1.33316
0.424912
0.0951104
1.49443
2.15834
1.8551
1.84979
1.10788
1.50174
1.01757
1.97015
0.508696
0.289018
1.20429
1.44712
1.22425
1.89143
1.1308
1.51991
0.386369
0.115571
1.37074
0.698912
0.805622
0.681162
2.21512
0.964035
0.903154
1.81025
1.47778
1.30986
0.981561
0.589023
1.07113
1.21052
0.953056
0.488585
0.894068
2.19078
1.48417
1.64229
1.5246
2.02268
1.77156
1.92087
1.12335
1.11963
0.791079
1.43994
0.877284
1.21444
0.687498
1.28475
0.719611
0.727012
1.12799
0.783252
1.19013
0.491737
0.92987
0.940577
0.620557
0.56281
1.00117
1.60079
2.70372
1.86066
0.167461
1.55148
0.423234
0.487496
1.46209
0.59222
0.26525
0.944153
0.675017
1.18356
0.914415
1.48625
1.77016
1.43039
0.779699
2.07527
0.924519
0.777784
2.95911
2.02121
0.164301
1.56859
1.20837
0.17566
2.04965
0.900418
1.61621
1.87961
0.682054
0.396557
0.789131
2.24326
2.14085
1.3328
1.46628
1.32329
1.99903
2.29996
2.01279
0.182282
0.900265
1.47026
0.887641
2.20689
1.58543
2.17034
0.616102
2.14756
1.7586
1.60136
1.43588
1.70026
1.88359
1.68185
1.62269
1.77112
2.20455
0.724571
0.582294
1.91172
1.61685
1.57726
2.03007
0.678465
0.724818
1.62734
1.99085
1.29762
1.28736
1.11552
1.16201
0.835139
1.98732
1.34249
2.32502
1.04806
2.33493
1.98979
1.19788
1.57464
0.262977
1.64975
1.79103
1.02778
0.311282
0.98298
0.885615
1.22861
1.39921
1.89772
0.272886
0.757318
1.51799
1.53311
1.72895
1.00594
1.59051
1.46929
1.31226
1.60751
0.876628
1.2314
1.39034
1.24078
0.634141
0.495348
1.68727
0.202347
0.952032
2.08595
1.56457
2.00078
1.04323
1.87153
1.91828
1.01249
0.827013
1.11633
2.48969
0.465884
1.79225
1.40475
1.27462
0.699963
1.54137
1.20774
0.857172
1.66687
1.05355
2.43948
1.65654
1.32295
0.801703
2.33501
0.648445
1.0611
0.777394
1.35211
1.78908
1.86854
1.43012
0.49895
0.418284
1.26928
0.391814
0.6981
1.12003
1.99615
0.571899
0.833564
0.712897
1.26911
1.07151
0.714549
0.908293
0.975147
0.914026
1.07366
1.01295
0.534949
0.703707
1.56586
0.441946
1.7237
0.208527
0.510314
1.42162
0.435851
1.41852
2.25258
0.610528
1.25033
1.3147
0.817638
1.0658
0.536609
2.90822
1.25516
0.980036
1.12879
1.45155
1.1571
1.65202
0.300142
1.73793
0.352972
0.442285
0.809247
2.05028
1.80477
0.234834
1.5053
1.26785
0.33457
0.48948
1.02406
0.999324
1.51823
1.82593
0.603863
0.917927
0.133616
0.946681
1.7574
1.44116
1.61064
1.12419
1.32784
1.78243
2.13425
1.27424
2.63048
1.56728
1.29593
1.15642
1.32861
1.33372
1.10034
0.560968
1.60596
0.522775
0.640289
0.554891
2.11822
1.29629
1.30019
0.989876
1.53963
2.36303
2.30619
1.57805
1.06469
0.931687
0.654542
1.33612
1.89627
0.816678
1.32974
2.3055
1.15854
1.08717
0.924934
0.760621
0.772279
2.04454
1.18735
1.01956
1.63383
1.06978
1.53772
1.09244
2.05507
1.40917
0.630814
0.983762
1.06305
1.87959
1.14263
1.26626
1.76839
1.13328
1.92203
0.474714
0.318614
0.857082
1.30828
1.50803
0.86432
1.86799
0.879952
0.348286
1.17365
1.42961
0.961431
0.933609
1.59421
0.443391
0.974652
2.23287
0.48136
0.783028
1.84141
0.507996
1.5117
2.57365
0.863609
0.672522
0.402845
0.872156
0.855204
1.10411
0.212864
1.53282
0.69991
0.877962
1.11127
1.24809
1.50072
1.95822
1.19796
1.63546
0.395328
1.37984
0.825528
1.24751
0.470477
1.63253
0.93297
1.41437
1.36517
1.84534
0.977293
0.440874
1.06532
1.59708
0.648957
0.474239
1.61405
1.41858
1.27813
1.1005
0.728621
0.348236
1.00223
0.716351
1.13921
0.977118
2.15263
1.13673
0.641988
2.19992
2.12047
0.668209
0.306717
1.14806
1.75863
0.933844
2.25208
1.00992
1.28278
1.37681
0.342633
1.06567
1.0603
1.38109
0.0628887
0.965584
1.15711
1.19691
1.48153
1.79563
1.55569
0.985946
1.23058
0.474332
0.373905
1.18553
1.94715
0.579125
1.26134
0.353194
0.583741
1.60209
0.942703
2.07346
2.25953
1.96413
1.70133
1.47364
2.83194
0.8393
2.0428
1.95857
1.91829
2.39333
1.49198
2.38639
0.856635
0.363447
1.93653
0.960336
0.27572
1.59611
1.90247
1.65811
2.13722
1.01327
1.14856
0.725697
0.561286
0.375361
1.2462
0.619699
2.00512
0.591283
0.892456
0.507331
1.3664
2.14883
0.358256
0.934905
0.372785
1.8473
2.25498
0.860878
0.637451
1.13639
1.30791
0.348327
1.43489
1.84871
1.94563
1.36044
0.965878
2.20745
0.497281
1.69473
1.79326
1.41613
1.48198
0.683831
0.68071
0.86286
0.70026
1.18644
1.10445
0.838286
0.606246
0.100501
0.89258
0.284497
1.78174
1.33294
0.712202
1.50069
1.09188
0.84718
0.210955
0.170152
0.58087
0.563706
0.939869
1.13578
1.19483
0.858243
1.13879
1.55789
0.989498
1.60428
1.01344
0.831126
0.821747
0.808658
0.531122
1.38168
1.17845
0.383815
1.21384
0.27402
1.68672
1.57228
1.38265
0.609452
1.11706
0.823421
0.531519
1.4865
1.87004
0.870545
0.881525
1.38328
1.86569
1.14269
2.04608
1.17131
1.60049
0.985038
1.02039
0.551564
0.910575
0.582535
0.345424
0.209719
1.50756
1.21696
0.675047
0.288749
1.01087
1.24316
0.547677
2.47735
1.39877
1.87147
0.747218
0.634896
0.836976
0.986912
1.05496
1.83104
1.50191
0.703151
1.53249
1.13545
0.704531
1.09606
0.928849
1.7138
1.58445
1.18496
1.71237
2.15489
1.98744
0.246375
1.98155
0.673818
0.287043
1.12179
0.420252
0.751376
0.976091
0.848049
2.2804
1.00108
1.61854
2.38242
1.63587
0.795002
1.44237
1.35448
1.9172
1.77007
1.65067
0.998897
0.520023
1.36298
1.36436
0.766402
1.18196
0.594815
1.18255
0.496666
1.21641
1.27401
1.26207
1.23627
1.44793
1.13572
0.125751
2.04786
0.265613
0.782987
1.50943
1.2786
0.915472
1.21916
1.35332
0.693019
1.74881
1.30529
1.88112
1.25334
2.50385
1.92148
0.702627
1.432
0.433366
0.708133
1.21595
1.01223
1.05481
1.47597
1.56869
0.896672
2.19168
0.605684
0.151512
1.92104
1.10318
0.742902
0.450195
1.17261
1.92468
0.587415
1.7699
1.75383
1.3074
0.308293
0.215377
1.21215
0.642047
0.762079
1.10196
0.791006
0.873422
0.638216
0.546612
0.74541
0.428853
0.691642
0.242148
1.17048
2.23323
1.15881
1.69668
1.84646
0.455124
2.44632
2.73851
0.318861
1.86021
2.44786
1.28153
2.08274
0.974623
2.14163
0.320455
1.73092
0.721948
0.791994
0.585485
1.07
0.942695
0.239883
0.74838
1.01689
1.3423
2.12309
0.969313
1.22261
0.216077
1.98798
0.780499
0.177949
1.09909
0.605364
1.70499
0.403187
1.21552
0.975556
0.885583
0.363257
0.649297
0.413463
1.33779
0.47783
0.618674
0.49997
0.888973
1.29644
1.52885
1.88527
0.910936
1.39809
0.81994
1.29787
0.655249
1.74951
1.14085
1.36016
0.985602
1.39981
2.0348
0.348025
0.753244
1.2497
1.54439
1.21193
1.99593
0.0532809
0.974057
1.0423
0.641256
1.02784
1.39754
0.352752
0.657005
2.08018
1.64257
0.777543
0.505281
0.332968
1.35164
0.189469
1.44974
1.12306
1.65747
1.21119
2.2006
1.37313
1.65867
1.15104
1.06339
1.16123
0.924055
1.36444
1.09857
0.413273
1.36318
2.0469
1.46439
1.22918
0.356392
1.04646
0.246254
1.89672
1.61342
2.58719
1.74602
0.656133
0.123534
0.340616
0.74726
0.492035
0.128102
0.884574
1.76451
1.53129
1.88643
0.883136
1.26374
2.35413
0.990843
1.06175
1.47591
1.62969
1.85187
2.0252
1.19556
0.844152
1.13255
1.06962
1.47741
2.09522
1.02818
0.973376
1.5039
0.971156
0.747143
1.02208
1.20791
2.01106
2.90414
0.253689
1.93462
2.03936
1.40779
1.63872
0.726179
1.36693
1.56312
0.310574
1.2896
1.0461
1.3796
1.63727
1.80428
1.70666
0.796292
2.30214
1.81121
1.28936
1.57861
2.41222
1.54839
2.07355
1.93856
1.24497
1.13689
1.15165
2.25693
1.66739
1.0741
1.52983
0.673652
1.60353
1.70883
0.895707
0.373196
0.360361
1.19348
0.459601
0.772071
1.17012
0.937645
0.603254
1.43259
0.780111
1.65783
0.299944
1.18948
0.693912
1.31577
0.403066
0.298612
1.60408
0.565249
1.13043
1.06931
1.49581
0.491259
1.45821
0.39686
0.498804
1.35801
1.89327
2.08022
1.40564
1.16371
1.06109
1.30792
0.472092
0.738915
2.10737
1.26784
0.98051
1.38268
0.854239
1.12685
1.9324
1.23972
2.12444
2.21377
1.60169
0.962238
2.33982
1.74557
0.792841
1.03026
0.719894
1.82746
0.90452
1.11218
0.495177
1.19156
0.819071
0.620183
0.134671
0.661468
0.790043
0.517337
0.41341
0.484281
1.30954
2.47435
0.989895
2.17771
0.685127
0.894881
0.985406
1.5049
0.503573
0.465818
1.16592
0.311814
1.84562
0.906046
0.30801
0.81363
0.358973
0.754751
1.75216
0.546696
0.664004
1.14532
2.11237
1.32068
0.729395
1.27695
1.28742
0.573042
