0.824313
0.991115
0.323556
0.289964
0.584799
0.280526
1.06302
0.621798
0.520279
0.480214
0.99705
1.6471
1.05745
1.13844
1.15957
1.60095
0.939881
0.774767
1.46779
1.04462
1.31628
1.12749
1.01627
1.36561
0.888951
1.33728
1.01716
0.468823
0.577423
0.448477
0.179303
0.0670821
0.820845
0.752447
0.289314
0.919394
0.598421
0.213862
1.00507
1.13544
0.524169
0.368844
0.816699
0.644525
1.06796
0.834498
0.605891
0.36292
0.472799
0.464949
1.10256
0.584015
0.43988
0.935748
1.27514
1.24028
0.943252
1.04844
0.227432
0.214866
0.346004
0.992851
0.995505
1.0946
0.540296
0.864716
0.876519
1.20341
1.35207
0.636196
0.131996
1.08891
1.14772
1.40173
0.424715
0.561883
0.50101
0.895569
0.174591
0.496973
0.588667
0.729306
0.921354
0.718912
1.10937
0.66792
0.37706
0.544209
0.326654
0.440217
0.973512
0.577997
0.925129
0.247992
0.414007
0.299078
0.535505
0.811473
1.02405
0.199501
1.09303
0.902969
1.40395
0.964796
1.47556
0.415288
0.351898
0.98915
0.566655
1.08264
0.239441
0.819086
0.984284
1.04844
0.491448
0.706082
0.59894
0.518853
1.08774
0.910116
0.732864
0.239675
0.408085
0.900972
1.27127
0.744507
0.621739
0.828542
0.759435
0.143046
0.820872
0.736466
1.29323
0.455883
1.12816
1.00363
0.262554
1.03905
0.726089
0.194452
0.955978
0.94912
0.251372
0.974186
1.41625
0.223922
0.960891
0.841535
0.616195
0.726875
1.55047
1.07999
0.445405
0.191351
1.29128
0.665626
0.793703
0.783722
0.225163
0.732154
0.962293
0.583722
0.415408
0.371429
0.33696
0.628055
0.505094
0.625169
1.10694
1.39701
0.544571
0.34767
0.965301
0.348977
0.81595
0.887826
0.552085
0.93006
0.842074
1.13143
1.09695
0.882095
1.52535
0.590057
0.738767
0.693987
0.363664
1.23792
0.134026
1.08775
1.38288
0.420487
0.506513
0.560114
0.841382
0.774586
1.25474
0.76408
0.150149
1.35432
0.866913
0.747426
0.111278
0.247376
0.488822
0.284048
0.428369
0.773366
0.793699
1.18407
1.10704
0.208487
0.757695
1.18345
1.08334
0.84939
0.827332
1.35392
1.29163
0.727616
0.615754
0.403325
1.00695
0.378488
1.25503
1.39839
0.573466
0.209466
0.286677
0.724453
0.234229
0.843563
1.17083
0.597926
1.44653
1.26985
0.829278
0.714538
0.604333
0.148155
0.684175
0.537949
1.0575
0.181306
0.572454
1.21957
0.911728
1.01499
0.0598753
0.689756
1.15359
0.59727
0.711993
0.133636
0.372913
0.853089
0.396159
0.826043
0.525198
1.43478
1.30104
1.17338
0.401271
0.475625
0.433274
0.528751
1.58228
1.24744
1.22294
1.06968
1.46663
1.4432
1.29653
0.456119
1.29312
0.988307
1.10155
1.14021
1.19301
1.05571
0.374535
0.483243
1.16384
0.889281
0.62361
0.239966
0.37938
0.465476
1.46603
0.41848
1.32049
1.14675
1.1534
0.387818
0.744089
1.21317
0.408083
1.27668
1.54798
1.37827
0.56189
1.21493
0.324842
0.281235
0.750236
1.1956
0.603198
0.8013
0.532261
0.566333
0.803483
1.11464
0.941706
0.504656
0.766238
0.660382
0.393478
0.468963
0.469362
0.639051
1.00089
0.0558993
1.03001
0.746974
0.936261
1.42393
0.613299
0.232587
1.0593
0.89572
0.521797
1.25393
0.382242
1.01028
0.443693
0.207756
0.755617
0.949748
1.34612
1.16123
1.05262
0.933358
0.609287
0.925101
0.524488
1.5303
0.922546
0.926959
0.396412
0.343359
0.409531
1.04432
0.610826
1.26387
0.703701
1.00819
1.21138
0.560079
0.261724
0.395134
0.222267
1.18673
1.23221
0.549986
0.476352
0.171731
0.989933
0.45872
0.309495
0.783807
1.26087
1.09112
1.10547
1.12212
0.698843
0.311194
1.11067
1.00929
0.847434
0.721737
1.236
0.450215
0.463107
1.24601
0.82755
0.899153
0.884619
0.403342
1.04053
0.798087
0.817371
0.80832
0.445378
0.64657
0.532648
1.44581
1.00893
0.96015
0.53497
0.438128
1.35957
0.328252
0.410664
0.691263
0.439064
0.893703
0.701142
0.224476
0.793622
0.506668
0.340593
0.944809
1.00762
0.533841
0.273646
0.82061
0.117689
0.582647
1.1994
0.872234
1.06194
0.265866
0.087572
0.991734
1.29386
1.05673
1.03482
0.351259
0.445108
0.425889
0.489056
0.274818
1.09697
1.04706
0.393589
0.76995
0.790075
0.787465
0.176557
1.20041
0.973334
1.11242
0.760371
0.81362
1.05056
1.50898
0.580704
0.41297
1.02697
1.50259
1.00996
0.633566
0.595063
0.340686
1.15063
0.290634
0.462011
0.424928
1.02609
0.554812
0.793998
1.34852
0.98372
0.65647
0.428882
0.420964
1.16501
0.469003
0.300322
0.498578
0.890497
1.24295
0.947588
0.0812384
0.608935
0.983006
0.604375
1.02419
0.808393
0.697598
0.537239
0.552767
1.25513
1.08319
1.13295
0.731696
0.88445
0.607327
0.235706
1.11902
0.13653
0.69981
0.866749
0.77846
1.26295
0.980935
0.555479
0.827581
0.715507
0.104221
1.40946
0.790125
0.53051
1.10159
0.402886
0.741658
1.0175
0.360956
0.879581
0.728035
0.387988
0.668341
1.19774
1.19137
0.397414
0.477275
1.28397
0.232347
0.205156
0.595151
1.14132
1.0539
0.591345
0.184699
0.758163
0.298707
0.897858
1.06149
0.0545398
0.966291
0.273659
0.905356
1.23699
1.16012
0.983567
0.294504
0.847121
0.485474
0.275795
1.17116
0.0986729
0.1985
1.16677
0.384898
1.07398
0.547599
0.467823
0.405901
0.248491
0.303602
1.15926
1.05282
0.272625
0.613075
0.992111
1.11428
1.22455
1.11492
0.351429
0.66535
0.832873
0.726528
1.22501
0.755564
0.746613
0.875715
0.992671
0.936713
0.641173
0.330153
0.851778
0.531463
0.800732
0.773156
0.47092
0.580759
0.627072
1.39109
0.365673
0.673624
0.708645
0.909424
0.737993
0.323581
1.05791
0.262086
0.581462
0.682527
1.34172
1.20393
0.559295
0.646373
1.44863
1.1235
1.27776
1.24606
0.786239
0.569763
0.426538
0.881082
0.934749
1.44352
1.12602
1.4647
0.187846
0.674191
0.683636
0.643793
0.352879
0.813046
1.05107
0.920112
1.166
0.644057
1.17015
0.926371
0.64966
0.136702
1.15141
1.04512
1.1617
0.960019
0.209854
0.692793
0.275736
1.12526
0.670669
0.858261
0.479063
0.582295
0.77557
1.03326
0.905335
1.23579
0.484987
0.392108
0.804953
0.896138
1.34402
0.954981
0.69518
0.338605
1.18444
0.787566
1.09904
1.19468
0.382801
0.264302
1.29401
1.25952
0.799692
1.17368
0.793117
1.21816
0.334553
0.525957
0.6568
0.768824
0.288722
0.230703
0.0369055
0.842317
0.4791
1.22343
0.837982
0.948875
0.483008
0.250069
1.02695
0.319747
0.664288
1.02805
1.00867
0.556326
0.839629
1.09102
0.692631
0.544207
0.672085
0.941064
1.37406
1.16378
0.381145
1.05482
0.745117
0.499536
0.492318
0.894692
1.30323
0.789958
1.29502
0.81856
0.849307
0.467941
0.709778
1.02233
1.18842
0.911594
0.944933
0.528113
1.36504
1.14612
1.22249
1.39564
0.895055
1.00255
0.657209
1.36613
1.29672
1.33316
0.656671
0.370368
0.522168
0.851487
0.965522
0.112766
0.837606
0.774122
0.690794
0.609876
0.932842
0.675131
0.738191
0.728105
0.0745657
0.177933
0.654197
0.627492
1.11053
1.04841
0.39445
1.45684
1.41728
1.44642
1.2618
1.18957
1.38591
0.99002
1.02502
0.355253
0.444449
0.0352957
0.720987
0.354428
0.472534
0.635034
0.814116
0.208934
0.996184
0.66774
0.803847
0.256927
0.877078
1.25314
0.484563
0.495893
1.33023
1.24113
0.971537
1.30601
1.14704
0.227966
0.327472
0.193331
0.0738874
0.945247
1.2251
0.284991
0.282697
0.65698
0.647652
0.530378
0.312961
1.03057
0.521625
1.06955
0.430553
0.598998
0.942751
1.51583
0.191062
0.945367
0.840646
0.152998
0.875343
0.870968
0.293393
0.358454
0.61173
1.01499
0.811887
0.559318
0.485156
0.322967
0.65249
0.808335
0.220474
0.471704
0.161007
0.360237
1.16266
1.44083
1.37808
1.25547
0.248379
0.872235
1.15707
0.996882
0.612909
0.317524
0.798316
0.335332
0.729347
0.748956
0.711004
0.724382
0.727154
1.04831
1.29095
1.22604
1.2674
0.819056
0.718758
0.464229
0.541145
1.39196
0.670101
1.34567
0.742555
1.23865
0.639834
0.353088
1.00323
1.09118
1.42134
1.03111
0.517699
0.258639
0.385649
0.426982
0.922821
0.415464
0.70939
0.80084
1.2916
0.820958
0.311137
0.294892
0.385852
0.591752
0.910326
0.591427
0.135726
0.361714
0.920651
0.625196
0.1986
0.418008
0.272764
0.0838314
0.917231
0.858976
0.346424
0.594153
0.737518
0.314418
0.862542
0.792274
1.13584
0.914848
0.863636
1.19336
1.07407
0.618266
1.0223
0.842289
0.495932
1.62956
1.08891
1.29152
0.772987
0.863316
0.351062
0.450661
0.49333
0.831842
0.745615
0.706575
0.727028
0.598387
0.492963
0.248044
0.560434
0.525759
1.06227
1.09306
0.746473
0.357353
0.925848
0.70397
0.473574
0.626655
0.37333
0.48628
1.26535
0.73651
0.649408
0.356948
0.212944
1.15797
0.777086
1.14244
0.816328
0.327241
0.603257
0.691241
1.21161
0.706578
1.58676
1.09453
0.924218
0.801098
0.802914
1.35838
0.874394
0.580286
1.05552
0.526467
0.0701134
0.607471
0.706584
1.18535
0.621345
1.10864
1.07049
0.680449
0.306358
0.548935
0.986998
0.532275
0.287935
1.04348
0.236677
0.532606
0.35703
1.09863
0.783524
0.626325
0.424928
0.536773
0.801512
0.874289
0.35942
0.373833
0.968917
0.386978
1.11433
1.29182
0.513523
0.995619
0.907673
0.836588
1.06167
0.548751
1.32204
0.595084
1.22918
0.459527
1.21494
0.475288
1.39988
0.401761
0.699951
1.20196
0.605886
0.64179
0.663713
0.513354
0.658421
1.07686
1.17472
1.3919
1.05136
0.253291
0.803356
1.13586
0.642198
0.975324
1.10798
0.794997
0.146223
0.58474
1.327
0.706679
0.853711
0.186637
0.894353
1.13347
1.22293
0.43998
0.962113
0.743935
0.767829
1.41725
0.934188
0.189233
0.678888
0.626107
1.0578
1.17527
0.565782
1.04858
1.52446
1.18887
1.44903
1.21347
1.42979
0.846924
1.04402
1.1669
1.38113
0.306849
1.01094
0.9488
0.198436
0.654902
1.28152
1.11675
1.19766
1.42692
1.17366
0.603767
0.671596
0.506254
0.525921
0.277187
1.17916
0.722012
0.588082
1.00887
0.458851
0.709764
1.43504
0.822157
0.529792
0.469561
0.0616612
0.879213
1.15036
0.427435
0.257579
0.790143
0.952368
0.210867
0.992399
0.77299
1.11343
0.593592
0.983766
1.08599
1.0789
1.23621
0.9693
0.999668
0.471644
0.307117
1.18396
0.735383
0.590965
0.501114
0.511704
0.415802
0.934179
0.808976
0.257892
0.350908
1.06958
0.933282
1.192
0.945933
1.05251
0.864987
1.05796
0.872949
0.638438
0.826248
1.32328
0.448808
0.507407
1.0359
0.806164
1.10178
1.03858
1.1617
1.02079
0.918979
1.18798
1.36268
1.28182
1.63175
0.784576
0.706358
0.977883
0.848116
0.819517
0.787633
0.32939
1.32666
1.06612
1.14184
0.73731
1.2269
0.332833
0.96402
0.575548
0.510882
0.906053
0.753113
0.894768
0.873379
0.329795
0.234941
1.57687
1.14919
0.570148
0.160637
0.730529
0.686828
0.906081
0.792955
1.08142
0.974572
0.308672
0.857636
0.913179
0.825033
0.365038
1.01829
0.613661
0.577869
1.25234
1.05918
0.565686
0.806977
0.56041
0.769482
0.482554
0.269051
0.722699
1.10695
1.31099
1.0952
1.66038
1.5672
0.842891
0.207381
0.347012
0.9559
0.598729
1.03549
0.857656
0.775186
0.518893
0.221353
0.706106
0.762844
0.71586
1.20501
1.19127
0.316327
1.29527
0.927656
0.855835
0.108037
0.570792
0.716193
0.894566
1.18336
0.512625
0.550723
1.22599
1.00589
0.217208
0.275228
0.748427
0.772778
0.500823
0.673728
1.04521
0.699377
0.935414
1.13231
0.226017
0.656979
0.680397
0.879655
0.960662
0.765326
1.18063
1.19208
1.01411
0.870647
0.801822
0.803023
0.454563
0.34079
0.832844
1.16927
0.822754
0.663785
0.306883
0.830727
1.11577
0.506193
0.592614
0.383742
0.503422
0.907627
0.916306
0.785585
1.34074
0.993686
0.320591
0.367308
0.523498
0.365597
0.986614
0.798952
0.852427
0.951001
1.23406
0.818254
0.631771
0.614777
1.28723
0.500014
0.765054
1.14043
1.34001
0.428357
0.650123
0.502869
0.740902
1.30044
0.574517
0.0608605
0.698623
0.940472
1.37359
1.26562
1.06191
1.2081
1.35009
1.31474
0.482037
1.23632
0.58895
0.782556
1.23737
1.20889
0.486558
0.136368
1.43743
0.764088
0.415865
0.572314
1.1021
0.711881
0.730139
1.25747
1.08474
1.21471
0.22873
0.613245
1.43342
1.29561
1.12724
0.378936
1.05476
0.629922
0.74737
0.976274
1.04996
1.41003
1.17111
0.98402
0.621956
0.38758
0.566938
0.479694
0.712427
0.388898
1.3341
0.649812
0.0897203
0.383443
0.865605
1.13165
0.182538
0.696449
0.855584
0.22058
0.131522
0.742192
0.58987
1.13049
1.18558
0.437658
0.961894
0.567518
0.664807
0.892152
1.34716
0.85132
1.0254
0.674008
0.789359
0.242133
0.0538161
0.859682
0.80643
0.508037
0.635139
1.43502
0.780058
1.28102
0.988334
0.978577
0.886294
0.481901
0.699165
0.543539
0.367424
0.990924
0.908378
0.346056
0.736573
0.47146
0.0705533
0.834971
0.945113
1.18243
1.40653
0.812516
0.610401
0.542008
0.756703
1.31019
0.349061
0.141411
1.28023
0.115492
0.827983
0.434762
0.706558
1.17245
1.03521
0.830077
0.368858
0.547129
0.806162
1.01218
1.27808
0.0790965
1.06439
0.31329
0.0816107
0.685637
0.456763
0.121891
1.19996
0.697051
0.974707
0.890621
0.690258
1.39431
1.19237
1.30022
1.15482
0.75527
0.543656
0.257555
0.705351
0.560033
1.23433
1.26909
1.17032
0.103705
0.274355
0.354701
0.746248
1.13996
0.432174
0.619531
1.07887
0.537644
0.907217
0.225318
0.5531
0.456114
1.35802
1.0629
1.26052
0.402865
1.09549
0.767614
0.991848
0.908419
0.390151
0.31907
1.13651
0.915643
0.681833
1.02293
0.850275
0.703496
0.904237
1.01948
1.05656
0.867209
1.01538
0.929166
1.00036
0.328849
0.380301
0.669519
0.742753
0.107815
0.786033
0.574659
0.365468
0.541895
0.823851
0.183811
0.306938
0.145424
0.23572
0.907699
1.55612
1.28976
1.2347
1.22215
0.294951
0.713401
0.603959
0.377965
1.0758
0.548509
1.46607
1.15275
1.3328
1.06037
0.686392
1.08418
1.28259
0.845357
0.801195
0.638078
0.698219
0.788519
1.18381
0.89408
0.75801
1.01576
0.978261
0.769701
0.97501
1.22106
0.476978
0.516855
1.10265
1.36909
0.723162
0.749451
0.222986
0.213853
1.14371
0.493862
0.687101
1.42182
1.01619
0.99925
0.950374
0.835748
0.259888
0.666087
1.11549
1.35033
1.35093
1.11793
1.01466
1.29724
0.696103
0.890563
0.276544
0.681426
1.07302
0.377055
1.15494
0.609496
1.3445
0.883424
0.478716
0.323558
0.734202
0.437309
0.429107
0.763722
0.974519
0.741845
1.07815
0.108858
0.773123
0.812941
0.343233
0.806134
0.784083
0.605974
0.576321
0.568829
0.530789
0.339709
0.861966
0.600587
0.602814
0.791071
0.655844
0.200265
0.877686
0.434603
0.262324
1.12226
1.19549
1.37078
1.13922
0.287152
0.321206
0.975603
0.994157
0.787029
0.791326
1.56536
1.26333
1.18079
0.887301
0.709809
0.938309
0.751836
0.909165
0.402876
0.431193
0.591715
0.968352
0.423237
0.719906
0.567957
0.423641
0.662871
1.10048
0.977501
0.897794
0.30754
0.406185
0.825613
0.61634
0.926268
0.595654
0.611477
0.664357
1.01671
0.896895
1.06817
0.416905
0.632889
0.75291
0.845781
1.24301
0.908816
0.489421
0.436078
0.32936
1.29
1.05693
0.121275
0.702278
0.648931
0.471265
0.958899
0.513235
0.411706
0.61446
1.3717
0.978604
1.30085
0.235271
0.293867
0.811851
1.01886
0.770695
0.72332
0.331588
0.60236
1.06728
0.417583
0.818886
0.471103
0.933591
0.980708
1.40325
0.890818
0.156472
1.04449
0.44958
0.637746
0.269745
0.886336
0.727255
0.47865
0.887497
1.26697
0.519972
0.878113
0.553317
0.79603
0.829723
0.891044
0.62873
0.39713
0.361554
0.408597
0.703347
0.7117
0.873668
1.06245
0.854774
0.388429
0.73581
0.414025
0.215374
0.51366
0.547417
1.12239
0.549885
1.15094
0.713868
0.965045
1.26165
1.11333
1.27518
0.771243
1.05168
0.364982
0.941151
0.134648
0.842503
0.495327
0.765743
1.40702
0.606332
0.471406
0.197608
0.960846
1.34625
0.814695
1.23311
1.28577
1.08259
0.638779
1.37897
1.49531
1.19331
0.917282
0.91247
0.19551
0.21841
1.19417
0.868267
1.28024
1.03646
0.93683
1.09389
1.3477
1.09791
0.740628
0.439063
0.305369
1.58901
0.766836
0.334508
0.613721
0.46344
0.762285
0.588111
1.20862
0.803816
0.676775
0.99544
1.0279
0.957778
0.572194
1.0178
1.19047
0.898816
0.79421
0.529434
0.240231
0.0635247
1.31231
0.857903
1.17856
1.0412
1.34561
1.14116
0.306716
1.13947
0.417023
0.714244
0.586833
1.1214
0.74548
1.04575
0.493145
0.691884
0.452002
0.688332
0.793102
0.643212
0.464096
0.409133
0.9069
0.388642
0.906264
1.23857
0.648494
0.628492
0.858148
1.31473
1.05107
0.663902
0.872959
1.29689
0.986044
0.630447
1.25017
0.667087
0.0341409
0.317841
0.895209
1.62098
1.01575
0.723032
0.922712
0.736396
0.978232
1.31647
0.839323
0.525019
1.39721
0.297187
0.688404
0.649361
0.519767
0.487192
0.543608
0.982937
0.712946
1.09581
0.125689
1.22146
0.762676
1.09856
1.08752
0.817298
0.739083
0.858865
0.495828
0.349682
0.530311
0.423191
1.23199
0.705167
1.05611
0.892074
0.131544
0.438869
0.441078
0.899638
0.952281
0.623633
0.644277
0.596042
0.777423
0.119284
0.809634
1.29098
0.681841
0.654176
0.21405
0.915484
1.21723
1.11823
0.396832
0.921906
0.531258
0.121897
1.17216
1.01746
1.27249
0.864189
0.568482
0.675593
1.07336
0.545634
0.908375
0.258193
0.67522
0.898252
0.911905
1.15332
0.893361
0.114181
0.517083
0.985332
1.07013
1.09027
0.672559
0.225263
0.670736
0.405731
1.04093
0.291278
0.48211
0.880462
1.39765
1.14737
0.693517
1.1479
1.237
1.05387
1.16773
0.139039
0.567716
0.924929
1.11213
1.2214
0.645762
0.555005
0.282715
0.770448
0.49837
1.55862
1.00777
0.682356
0.37177
1.06389
0.654349
0.804257
1.52532
0.940648
0.813127
0.975923
1.51081
0.864277
0.772475
0.277816
0.313766
0.906394
1.0169
0.140888
0.853871
0.771615
0.861128
0.48957
0.649653
0.949435
1.1006
1.03976
1.35791
1.36089
1.21405
0.550479
0.0556114
0.540288
0.0773868
1.12107
0.33518
0.186424
1.34299
1.35691
1.17938
0.438984
0.528711
0.212835
0.432798
0.691272
1.23306
0.677493
0.781682
0.527452
1.04321
1.10445
0.32577
0.978668
0.535112
0.775892
0.989307
0.61825
1.09112
0.548759
0.740965
1.02131
0.700626
0.355298
0.9467
0.896025
0.146907
0.910769
0.958686
0.677717
0.352747
0.180364
1.00319
0.101708
0.838757
0.505354
0.640562
1.08517
0.207129
0.20454
0.559331
0.766089
0.147856
1.31288
0.674792
0.452302
0.789947
0.639658
0.0481521
0.91043
0.777552
0.858823
0.576312
0.0392924
0.575826
0.307549
0.387498
0.861075
0.158515
0.189723
0.954551
0.863944
0.147768
0.594991
1.26125
0.819553
1.10783
0.759159
1.11026
0.590349
0.804816
1.14032
0.537672
0.61376
1.21943
1.60164
1.06194
1.07633
0.253209
0.716009
0.57048
0.481284
0.750223
0.140154
0.766326
0.822348
0.80301
1.30452
0.729938
0.119654
0.591727
0.746588
0.17481
0.41764
1.10034
0.768538
1.2185
0.679041
0.73397
0.824234
1.28424
1.14198
0.638659
0.966541
0.806335
0.338662
0.354203
0.948813
0.607196
0.423902
1.10718
1.48156
1.7113
1.32486
1.32378
0.72929
1.09751
1.41904
0.555855
1.08883
0.50777
1.2067
0.334817
0.934329
0.571428
1.33708
0.278002
0.256036
0.660003
1.16271
1.12738
0.348215
0.36935
0.768762
0.560934
1.08112
1.09454
1.00556
0.982556
1.00044
0.638138
0.251194
0.0901
1.30959
1.33107
1.06593
0.578956
0.449273
1.23798
0.272977
0.987719
0.96857
1.23741
1.06759
1.114
1.0001
0.674848
0.73318
0.903348
1.37838
1.40677
1.26528
0.749409
0.693295
0.721353
0.732828
0.919449
0.905463
0.532696
1.04664
0.623512
0.868448
0.411225
0.364879
0.438032
1.19263
0.466318
0.60418
1.0866
1.04037
1.07942
0.481071
1.218
0.343993
0.326985
0.995721
0.972672
0.876651
1.41803
0.385677
0.956132
0.818436
0.25808
0.298117
0.588026
1.17659
0.200533
0.368296
1.62382
0.91762
1.48143
0.175828
0.689045
0.237054
1.17775
1.08498
0.539969
1.24554
0.779083
0.596817
0.902478
1.5251
0.569396
0.399949
0.573988
0.403869
0.894464
0.868594
1.33489
0.700984
1.17211
0.32444
1.23694
0.932155
0.844803
1.1767
0.386545
1.04702
0.917986
1.11123
1.17948
0.694971
0.700514
0.170572
0.485688
1.30457
1.3005
0.363383
0.903494
0.161492
0.252891
0.21889
0.423953
0.346774
0.463467
0.176701
0.831286
1.0802
1.34683
0.732083
1.04626
0.448156
0.318273
0.783213
1.1344
1.10829
0.361767
1.39458
1.18032
0.793397
1.09897
0.973558
1.03552
1.22078
0.584926
0.290924
0.741797
1.41168
1.67115
0.561156
0.672116
0.595507
1.00771
0.889115
0.834505
1.03982
0.761418
0.453081
0.744903
1.24229
0.829649
0.266795
0.860371
0.373438
0.97865
0.993066
0.619591
0.141738
0.402516
1.30039
0.551727
0.380877
0.462671
0.673319
0.237996
0.0733606
0.89162
1.20384
1.01325
1.06714
0.560848
0.442899
0.282471
0.330962
0.470656
1.13044
1.24146
1.49355
1.3436
0.920705
0.182045
0.90977
1.00199
0.849879
0.937867
1.15763
0.102563
1.15347
1.39851
0.290464
0.894009
0.4245
0.71569
0.58908
1.09933
0.809393
1.5365
0.796436
1.153
0.662509
0.601331
0.0726936
0.992381
0.645248
0.651221
0.859796
0.498923
0.926318
0.385976
0.815921
1.09032
0.948485
0.518663
0.521701
1.05689
1.15669
0.435764
0.310622
0.0773358
0.5845
0.977647
1.2513
0.283789
0.582299
0.0699572
0.453116
1.34059
0.906693
0.751728
0.687786
0.630622
1.06473
1.1139
1.09777
0.445442
1.21696
0.687515
0.963902
0.978271
0.424419
1.11697
0.280483
0.361718
0.318163
0.900375
0.489712
1.43559
0.777335
0.75535
0.454831
1.01128
1.15291
1.15951
0.237093
0.158035
0.440368
0.468711
0.629658
0.461244
1.34861
0.764811
1.07012
0.533095
0.80207
1.28308
0.789093
0.574414
1.42252
1.16445
1.25349
0.711985
0.347893
0.708938
0.880222
1.38377
0.987317
0.970573
0.449989
0.612006
0.70331
0.564254
0.417164
0.758085
1.31737
0.0416417
0.753098
1.2674
0.819042
0.856394
0.54707
1.203
0.887202
0.35939
0.536363
0.785287
0.430944
1.31546
0.662071
1.0901
0.245189
0.379237
0.459096
1.11091
1.19315
0.867074
0.756447
0.934977
0.562583
0.541022
1.15679
0.588872
1.32207
1.41841
1.5786
1.03062
1.03864
0.669153
0.700235
0.444583
0.579644
0.917552
0.424991
0.153382
0.656354
0.497784
1.27479
0.420846
0.696565
0.359211
0.368475
0.671838
0.412201
0.0529434
0.932438
0.845274
0.761425
0.630763
1.09025
1.37308
1.16128
1.28336
0.636519
0.8524
0.441321
0.298654
0.355727
1.02945
1.09721
0.299158
0.636622
1.06888
0.884181
0.0583832
0.74413
1.1073
1.23011
0.853752
0.263856
1.02394
0.507756
0.62717
0.626205
0.66826
0.62389
0.667486
0.989319
0.724069
0.143882
0.961207
0.917168
0.99314
1.19433
1.44113
1.30664
1.07086
1.14535
0.876996
0.749956
0.705926
0.154988
0.577989
0.801501
0.941197
0.83817
0.387559
1.45795
0.199151
0.989175
0.524077
0.464447
0.772313
0.848082
0.118188
0.0933094
0.860755
0.395743
1.07376
1.23906
0.174468
0.325919
0.541469
0.34932
0.927613
0.94102
1.20517
0.64202
0.861909
1.11231
0.991734
0.198732
0.457962
0.864151
0.370622
0.7974
0.352972
0.358459
0.336426
0.746509
1.04906
1.26093
1.03447
1.14453
0.964631
0.763926
1.06485
0.616823
0.75417
0.628104
0.84847
0.596188
0.852849
0.0721968
0.283553
0.382387
0.247044
1.06365
1.04297
0.872486
0.351913
0.986368
0.482545
0.772899
0.623189
0.752247
0.293058
0.480656
1.09376
1.30153
0.603434
0.169472
1.15311
0.695086
0.393224
0.687895
1.24446
0.20283
0.755784
0.905792
1.29972
1.29154
0.930614
1.20235
0.667739
0.711326
0.84
0.741232
0.176613
0.592852
1.02381
1.15353
1.01403
0.993401
0.85478
0.720795
0.296035
0.48696
1.14995
0.995795
1.21488
1.0015
0.810903
