0.329917
1.01074
0.441917
0.735262
1.26627
0.543891
1.19162
0.316183
1.19458
1.74915
1.14062
1.50603
1.05065
0.933416
1.21821
1.70443
0.688278
0.656425
1.40486
1.05384
1.56146
0.865676
0.944883
1.38484
0.487187
1.34176
1.05191
0.225883
0.91433
1.34557
0.629553
1.03278
1.68301
0.360241
0.45484
0.939859
1.54741
0.798888
0.623992
0.632783
0.162016
1.42914
1.14041
0.702109
0.887378
0.526432
1.87674
1.22583
1.40646
1.39947
0.641075
1.1656
0.212396
1.19933
1.15251
1.28787
1.24152
0.721086
1.01468
0.457662
1.35384
0.753561
0.764205
0.689602
0.152975
0.932404
0.891971
1.02939
1.3262
0.885293
0.640772
0.799589
0.815529
1.45753
0.737582
0.768085
1.36175
0.855994
0.698232
1.67076
0.795309
0.710553
0.743809
0.176641
0.611216
0.225127
0.932269
1.22641
1.2599
1.36462
0.894937
1.37871
0.76055
1.18274
1.31496
0.773124
0.923111
0.322369
0.792998
1.09856
0.959102
0.887082
1.18731
0.597778
1.59823
0.345164
1.223
0.950611
0.0951995
0.8538
0.656016
0.353564
1.21783
0.939913
0.823106
0.357748
1.43622
0.886385
1.01801
0.771491
1.65557
0.709091
1.45604
0.668245
1.88365
0.460541
1.53587
0.494327
1.19534
0.935481
0.245506
0.302897
1.54335
0.20275
1.04766
1.66503
1.25762
0.627815
0.179026
0.89553
0.586193
0.728152
1.41434
0.69207
1.12645
0.953154
1.42222
0.527222
0.748454
0.649679
1.70594
0.76317
1.31466
0.754611
1.07503
0.0466703
0.224921
1.43773
1.06141
0.59834
0.435642
0.588206
0.865931
0.904099
1.35826
0.989879
1.46606
0.306286
0.827374
1.11272
1.35922
1.49279
1.26656
1.18286
0.672417
0.500642
1.48832
0.525921
0.437414
1.12416
1.72467
0.728547
1.5664
1.07182
1.53029
0.958749
0.844221
1.50136
0.692017
0.758724
1.66814
0.370474
1.52545
1.12699
1.33425
0.342847
1.01523
0.223478
0.926367
1.30187
0.595832
0.875892
0.826809
1.31186
0.883006
0.59868
0.631551
0.755519
1.26017
1.06947
1.18927
0.853014
0.320998
0.883764
1.31033
0.469927
0.545755
1.29882
1.04387
0.722456
1.254
0.293577
0.760543
0.426818
1.08133
1.4753
0.400884
1.03464
1.09762
0.268283
1.14287
0.171916
1.23495
0.684044
1.58903
1.5669
0.316622
0.230007
0.253776
0.996391
0.239612
0.160331
0.748379
1.01344
0.71088
1.36593
0.603867
1.39641
1.08438
0.615116
1.22087
1.11549
0.0718382
1.30489
1.40015
0.892501
1.22772
1.7035
0.792384
1.19818
1.36452
1.16769
1.01729
1.61537
1.29672
0.767825
1.52307
1.20381
1.20239
1.33311
1.57403
1.58916
1.5415
1.57917
1.72657
0.738332
0.762558
1.69978
1.5466
0.613701
1.41103
0.313278
0.954609
0.694585
0.202283
0.919522
1.33639
0.300159
1.29791
0.251751
1.73259
1.34912
1.26348
1.52774
0.37348
1.44963
0.207695
1.62534
1.55775
1.14835
0.879216
0.981169
1.39895
0.965921
0.14204
1.07455
1.07314
1.57569
1.25424
1.50264
0.250699
1.18168
1.46017
1.36778
1.24926
0.59441
0.74227
0.870582
0.587542
0.833243
1.19595
0.756938
0.685501
0.364925
0.614867
1.24919
0.243787
1.08655
0.611348
0.614787
0.439602
0.91289
0.808538
2.17727
0.948361
0.752689
1.36463
1.21158
1.25287
1.10853
0.752659
0.780459
0.276802
0.551468
0.301259
1.8603
0.602394
0.70748
0.612806
1.12054
0.968199
0.935579
0.527088
0.989579
0.813069
0.636135
0.90951
0.407246
0.803235
1.20616
0.742421
1.04606
1.07032
0.15462
1.16361
0.84597
1.06727
1.08337
1.41146
0.132699
1.13523
1.65985
0.768454
0.9973
1.46552
0.818976
0.835153
1.6389
1.59519
0.780213
0.960728
1.24723
1.01156
1.06364
1.12289
1.34252
1.36769
0.731756
1.13528
0.508585
0.493768
0.801604
1.50722
0.50575
0.221379
1.47426
0.745945
0.720249
0.8028
0.537415
1.59605
0.395169
1.62041
0.252282
0.68984
0.495981
0.27384
0.952797
0.442933
0.882323
1.47279
1.54863
0.856826
1.43454
1.12007
1.00398
0.874957
0.908859
0.904233
0.891997
0.869128
0.993616
1.00004
0.725899
1.20155
1.2411
0.793445
1.00155
1.2697
0.475468
1.35085
1.08118
0.929878
0.890196
0.468775
0.942411
0.413383
0.632591
0.896323
1.08661
0.738463
1.13255
1.75663
1.49356
0.872242
1.61832
0.22374
0.467805
0.890956
1.41384
0.748755
0.774841
1.46358
0.90039
0.737098
0.447949
1.40512
1.26659
1.17831
0.623878
0.214277
1.21114
1.57652
1.43392
1.54322
0.172619
0.923896
0.567272
1.19432
1.51832
0.859678
1.35962
0.496619
1.2195
0.526038
1.407
0.307079
1.55484
0.290055
0.0779877
1.23939
0.0253512
1.13473
0.996111
1.12909
0.380755
0.429315
1.02033
1.27478
1.24675
1.25427
0.876071
0.51772
1.46539
1.28114
0.802032
0.202097
0.474823
0.0688986
0.884711
1.22962
0.381831
1.04505
1.18636
0.520543
1.75888
0.712232
0.884408
1.26395
0.127784
1.19923
0.958598
1.19472
1.07105
1.44289
0.172756
1.57644
0.731486
1.12313
0.495662
1.01389
0.538772
0.26613
0.670387
1.46235
1.21421
0.800163
0.900022
0.787463
1.32705
1.17743
1.79389
1.22433
0.751392
0.670348
1.1064
1.51088
0.60806
1.05236
1.16058
0.661103
0.67568
1.42255
1.17043
0.851307
0.703465
0.65595
1.1486
1.3429
0.358192
0.929513
0.889963
1.11608
0.496968
0.662574
1.1673
1.09758
0.948086
1.48949
0.563721
0.284955
1.55845
1.03723
0.462885
0.959903
0.696566
0.689183
0.90106
1.14318
1.42738
0.837281
0.498266
1.48226
0.127024
0.938435
0.0625394
1.18441
1.2932
1.52355
0.802948
0.333202
0.626668
1.62698
0.489399
1.35274
1.17872
0.984996
0.646605
1.1955
0.991735
1.61704
0.843095
1.47793
1.01287
1.28723
1.29322
1.33497
0.163016
0.368988
0.390269
0.746578
1.78058
0.923827
1.35997
0.841661
1.79238
0.112159
0.0884562
1.39718
0.863634
0.969813
1.23544
0.898496
0.473165
1.25033
0.489252
1.99299
0.515364
1.034
1.76352
1.50697
0.732355
1.14553
0.492317
0.65599
0.867895
1.09392
0.58472
1.09051
1.04064
1.0634
1.41193
0.803082
0.976304
0.846073
1.35043
0.401438
0.783494
1.41144
0.705319
0.64102
0.812073
1.64346
0.333464
1.03729
0.907745
0.732225
1.25824
0.891706
1.58798
0.433373
1.05829
0.499291
1.09341
0.616995
0.638183
0.44702
0.649696
1.18529
1.25119
0.907323
1.46311
0.913413
0.940706
0.497553
0.520289
0.487327
1.30085
0.685302
0.55606
0.811545
0.54053
1.07199
0.88527
0.309726
0.836484
1.07055
1.13614
0.53113
0.615391
1.38213
1.05277
0.431139
0.755239
0.778766
1.34538
0.960394
0.568738
1.27604
1.36592
0.978594
0.340387
1.37806
1.27303
1.67653
0.722495
1.01805
1.34156
0.638862
0.573583
1.6461
0.987832
1.37278
1.42768
0.478057
0.693046
0.178459
1.46882
1.8386
1.13579
0.324172
1.48379
0.604918
0.437259
1.45634
0.927637
0.418579
0.668287
0.220054
0.134227
0.539811
0.672801
0.0973179
0.762468
0.88883
1.14331
1.5541
0.263616
1.33681
0.945205
0.514016
1.47705
1.33466
1.42601
1.30719
1.80738
1.27638
0.684624
1.07474
1.33757
0.620959
0.754031
1.5144
1.37905
1.07389
0.136673
0.323351
0.573658
0.894772
0.329489
1.33946
0.705468
0.769382
1.47623
1.2539
0.50656
1.0851
1.10033
0.742781
1.27793
1.42196
1.16547
1.1152
1.11648
0.927591
1.23704
0.822209
0.569435
1.33625
1.56072
1.24867
0.670468
0.420489
1.23758
0.0637641
0.866154
1.41828
1.16031
1.07001
1.38567
0.64457
1.11619
0.347699
0.76596
0.798632
1.09782
0.883108
1.45241
1.50616
0.703943
0.754969
1.57781
1.29324
0.469484
0.663377
0.950164
1.19952
1.40569
0.838632
0.994252
1.1558
1.79072
1.09961
0.977973
0.73261
0.469361
0.972842
1.11865
0.1876
1.10557
0.271363
0.812958
0.229422
0.451631
1.33872
1.38023
1.25036
0.932626
1.32352
1.10923
1.25238
1.12615
1.49689
1.66411
0.494918
1.71355
0.247376
1.507
0.317511
1.11718
0.088684
0.589847
1.03284
1.48484
1.47935
0.754776
1.49486
1.06951
0.982989
0.467899
1.18076
0.647124
1.7805
0.36872
1.10251
1.10913
0.998977
0.591997
1.32058
1.02419
0.703058
1.01877
0.569197
0.23321
0.400495
0.15642
1.19486
1.65517
1.11418
0.766169
1.38771
1.28739
0.977087
0.605927
0.741885
0.390912
0.885102
0.312246
1.00625
0.82706
0.622023
1.51506
1.19913
0.641033
1.11573
1.18692
0.384581
1.59461
0.839116
1.21695
0.247359
0.671543
0.780921
0.600597
1.038
0.704308
0.219687
2.05476
1.00521
0.773929
1.11907
1.12819
1.70489
0.245657
1.16481
1.08576
0.569542
0.523457
0.332774
0.850867
1.33206
1.27096
1.48477
1.61834
1.86663
1.51923
0.616119
1.43166
1.08683
1.22984
1.13295
1.09396
0.509224
1.12523
0.427359
0.289767
0.876744
0.877726
1.85934
0.952953
0.753348
1.12416
0.441553
1.16276
1.24963
0.674113
0.859533
0.709379
1.13799
0.73138
0.615632
0.77527
0.730917
1.23706
1.16814
0.847423
0.620389
1.11034
0.657593
1.27533
1.41577
0.624955
0.486386
1.80093
1.02857
0.902883
0.663782
1.13882
1.27128
1.17083
1.33145
1.23656
1.39394
0.263432
0.707449
1.25584
0.885161
0.902369
0.484652
1.6891
0.825558
0.779875
0.741901
1.26405
1.34513
0.623851
1.31771
0.7038
1.40017
0.398881
1.54574
0.550032
0.724345
1.01301
0.872133
1.00311
0.65334
0.493069
0.576487
1.2473
1.2263
1.36232
0.561603
0.439204
0.723091
0.868076
1.16555
0.599706
0.971822
1.0167
0.76134
0.629971
1.02171
1.06336
0.529527
0.365131
1.00512
0.917626
1.29953
1.53494
0.456296
0.275048
1.01314
1.33185
1.46396
1.24395
0.229428
1.59868
0.776251
1.51376
0.65718
1.15201
1.61071
1.22711
1.51293
1.23025
1.46438
0.531116
0.823068
1.54325
1.27621
1.15772
0.864571
0.590317
1.04939
0.196903
1.01217
0.568959
0.841374
1.20286
0.9334
1.73941
0.775794
1.53634
1.80217
0.513059
0.802473
1.48197
0.308702
1.01392
1.46545
1.87836
1.78222
1.19872
0.369624
1.69631
0.870516
0.765622
0.799753
0.23755
0.464506
1.49323
1.65529
1.07126
1.39421
0.405764
0.883822
1.16838
0.918732
0.817216
0.647435
0.965914
1.31825
0.91002
1.2441
0.953351
1.34127
1.71926
1.25699
0.201255
0.614251
1.55575
0.653041
1.04476
0.731949
1.35239
0.853543
0.555714
1.13287
1.01751
0.856452
0.993947
0.77128
0.599945
0.20073
0.693055
1.23642
0.881108
0.346119
0.781676
0.613175
0.991811
0.824297
0.991813
0.766761
1.62101
1.2619
1.35004
1.27461
1.63919
0.538803
0.389283
0.851861
0.57917
0.639931
1.24843
0.970265
0.964616
0.683708
1.02219
0.546179
1.63751
0.589614
0.483508
1.27054
1.25142
0.722542
0.423541
0.609579
0.486669
0.934849
0.609086
1.49483
1.06611
0.236424
1.09818
1.5298
0.315769
1.20845
1.32902
1.32689
0.737831
1.37804
0.936085
0.486845
0.613217
0.786659
0.787644
0.606624
0.474231
1.11853
0.959252
1.63662
0.476045
0.846506
0.848999
0.977501
1.23379
0.403145
0.958039
1.48181
1.04335
1.79774
1.56791
0.540145
0.918632
0.932715
1.21847
0.777496
0.77368
0.973494
0.489016
0.652087
0.508915
0.438882
1.43186
0.342463
1.32162
1.90422
0.208995
1.23903
0.644297
0.587191
0.993706
1.41808
0.598925
0.573586
0.913672
0.914979
1.10833
1.11551
1.42385
0.749778
1.23979
0.589429
0.341939
1.76428
0.19912
0.710559
1.17096
1.38868
0.82966
0.883893
0.789015
1.53873
0.477442
1.10825
1.14778
0.943182
1.09324
1.44338
0.791476
0.455536
0.772739
0.505262
0.401241
1.51254
1.03228
0.5217
1.50833
0.398074
1.79127
1.06486
1.25076
1.73096
1.39101
0.456094
0.987955
1.19987
0.894628
1.12924
0.683907
1.44908
1.41281
0.895371
0.615198
0.874183
1.27168
0.775512
0.570387
1.31589
0.422207
0.583099
0.92838
1.17119
0.587477
0.341598
0.885521
1.23283
1.1274
0.794559
0.562962
0.326451
1.25658
0.193985
0.915483
0.613729
0.648381
1.25211
1.22481
1.5843
1.04343
1.69954
1.01666
0.162757
1.61934
0.360416
0.460335
1.00287
0.867756
0.53477
1.10541
1.37954
0.281955
0.445895
0.782967
0.801673
0.231166
0.788762
1.06742
1.51286
0.904638
0.523651
0.739714
1.27663
1.19988
1.26833
0.393371
1.25566
0.879704
0.344584
0.595731
1.17067
1.13778
1.0432
0.98936
1.47461
0.583599
0.576886
1.4089
1.88136
0.999183
1.18065
0.015473
1.14604
1.51647
1.1587
1.04381
1.08081
0.614916
0.623477
0.866778
0.960932
0.972309
0.121127
0.836268
1.17354
0.244616
0.680438
1.2383
1.12197
0.432078
1.6756
0.349126
0.994529
0.990771
0.639423
0.810754
0.842721
1.40114
0.487353
0.333382
0.907351
1.40232
0.391852
1.26592
0.954886
1.08815
0.628302
0.899124
0.914772
1.03676
0.847267
0.774109
0.755644
0.390704
1.85179
0.670291
0.915063
0.374031
0.989715
1.07761
1.31601
0.452479
0.367872
0.160042
1.15286
1.30466
1.18318
0.848078
1.55921
0.809545
1.42235
1.31516
0.626268
0.852663
0.782147
0.654221
1.10262
1.47579
1.33249
0.688081
1.09396
1.07512
0.632918
1.22017
0.873483
0.194983
1.3966
0.903579
1.11742
0.58877
0.74528
0.650819
0.794182
1.2742
1.12406
1.20694
1.01307
1.53445
1.67452
0.789235
1.19137
1.56531
1.11319
1.17479
1.70716
0.669003
1.24345
1.3351
1.5752
0.953195
0.604923
1.11822
1.49155
0.028051
0.454367
0.555316
0.637651
0.473779
1.36841
0.697671
1.32162
0.474755
0.888321
0.114857
0.733943
0.524694
1.586
0.420954
0.843441
0.479016
0.403533
1.45489
0.561265
1.11731
0.973051
1.27092
0.685594
1.59585
0.800227
0.848303
1.43646
0.937842
0.87777
1.35899
1.1364
0.952582
0.73256
0.212439
1.48719
0.775817
0.329881
0.857886
1.06457
0.733178
0.953064
0.610165
1.48
1.29825
1.01642
1.55663
1.44085
0.137483
1.62976
1.33146
1.04902
1.18376
1.36781
1.09351
1.20537
0.83799
0.969553
0.747737
1.32563
0.314565
0.644419
0.965626
0.268768
0.200932
1.09723
0.881479
0.382042
1.20205
0.578776
0.231647
1.35209
0.946907
0.724186
1.79399
1.34043
1.64154
1.27057
1.69442
1.20448
1.22084
0.877764
1.73364
0.286842
1.39561
0.735741
0.763944
0.705492
1.00078
0.686281
1.5032
0.907781
1.2949
1.45151
1.298
0.616287
1.32733
0.970009
0.362272
0.456194
1.11865
0.611676
0.932054
1.52221
0.307481
1.25792
0.604449
1.73571
0.500462
1.27114
1.13353
1.57
0.449797
1.15057
1.43363
1.45526
1.11344
0.390802
0.605576
0.491797
0.9631
0.228776
0.115403
0.554305
0.0982221
0.758686
0.552457
0.321326
0.108796
0.958553
0.449904
0.258213
0.947641
0.662812
0.183838
0.574887
1.46251
1.40329
1.43075
1.00907
1.08311
0.677436
0.784589
1.02984
0.516323
0.716046
1.64252
1.18403
1.09939
0.523189
1.29712
0.631963
0.633983
1.48633
0.228497
0.256611
0.218578
0.654902
1.2178
1.24889
1.21613
0.453591
1.26653
1.05457
0.602445
1.05028
1.20339
1.5562
0.853396
0.133376
0.934565
0.589813
1.66855
1.86305
1.66291
0.359492
1.29484
1.64324
0.200034
0.813547
0.993604
1.08054
1.25624
1.42732
1.61684
0.338594
1.41929
0.83014
0.806128
1.29123
1.58258
1.54444
0.508134
0.187687
1.25473
0.685787
1.68196
0.770469
1.46273
0.697184
1.29814
0.376665
0.75221
0.83243
0.95067
0.595163
0.248948
1.07061
1.14111
0.603976
0.919783
0.618079
0.844558
1.2915
0.654704
0.877963
1.01926
0.78429
0.85923
0.698491
0.908603
0.505121
1.61594
0.699061
1.41956
0.270357
0.599481
0.369346
0.629335
1.09798
0.500088
0.262186
1.15876
1.3451
1.05347
0.147264
0.381168
0.510821
0.814319
0.761084
0.467883
0.529297
0.727069
1.27237
0.999974
1.31169
1.00677
0.637932
1.0709
0.887814
1.07022
1.65308
0.964408
1.2653
1.00567
1.10307
0.637056
0.51009
0.694249
1.59714
1.24707
0.263321
1.29987
0.320752
1.3256
1.2485
0.600754
1.32683
0.403297
1.08462
1.37587
0.877125
1.27743
1.37
1.63014
1.24504
0.652555
0.463538
1.22811
0.886593
1.64332
0.982126
1.71681
0.877688
1.51091
1.30764
1.39689
1.16016
0.39481
1.71049
0.509557
1.47238
0.929944
1.25749
1.23623
1.03039
1.06068
1.57541
1.47863
0.881892
0.794619
0.647481
0.905036
1.31433
0.82468
1.25688
1.03102
0.526012
0.62997
0.100551
1.41662
0.973304
1.30185
1.10546
1.38742
0.812734
1.4473
0.979691
0.604392
0.823263
1.26278
1.45896
0.799833
1.04872
0.432616
1.65189
0.459089
0.600646
1.64716
1.34854
1.06249
0.758942
1.00395
0.354315
1.26045
0.500755
0.664962
1.07291
0.831223
1.67469
0.581869
1.39214
1.18264
0.272084
0.4073
1.16237
1.01228
1.74684
1.10627
0.400819
1.09439
1.34267
0.679118
1.66485
0.8419
0.744247
0.492999
0.442142
0.811277
1.22507
0.529201
1.55732
1.35612
0.967171
1.28889
1.57591
0.876736
0.650736
1.02359
0.508547
0.993694
1.307
1.08946
1.15296
0.246911
0.75299
0.65706
0.442917
0.232793
1.23043
1.18671
1.37054
1.56205
1.46007
1.01724
0.944487
0.868921
0.821529
0.936815
1.49201
1.2148
0.554906
0.657847
0.553859
1.66061
0.608494
0.524373
0.855564
0.397892
1.10366
0.786006
1.35604
1.12837
0.848292
0.935014
1.46846
0.340835
1.62306
1.69662
0.93016
1.09021
1.07347
1.428
0.998298
0.328985
1.77569
1.36097
0.503475
1.34237
1.11047
1.0687
0.5498
0.780279
0.940629
1.10168
0.780857
0.877023
0.843933
0.778627
0.76295
0.815966
1.18257
0.168462
0.943348
1.00699
1.26064
1.67876
0.758897
1.30612
0.916734
1.22562
0.884039
1.07226
0.763912
1.57645
0.557395
1.83957
0.583687
0.765479
0.908796
0.780257
0.651061
1.34649
1.10455
0.425824
1.69309
0.716358
1.08657
0.276979
1.13822
0.150083
0.735566
1.65702
0.797072
1.2174
0.808551
1.43674
0.451013
0.334968
0.775862
1.26718
0.453344
1.32416
0.602145
1.56633
1.51954
0.825314
1.35526
1.43221
0.728327
0.800908
0.781214
1.2677
1.30386
1.22502
0.538486
0.954426
1.06297
0.931687
0.711026
1.28855
0.367694
1.1214
1.26979
1.04069
0.739732
1.42761
1.32923
0.658062
0.356608
1.21257
0.801972
0.210354
0.126886
1.89892
0.958132
0.967914
1.39147
1.02271
0.466134
1.26625
1.8255
0.931858
1.01629
1.2912
0.910058
0.872493
1.07797
1.42759
0.498979
1.15367
0.539261
0.641691
0.681607
1.28769
1.16564
1.0665
0.798967
0.969661
1.64235
0.151927
0.881166
0.859779
1.25139
0.544119
1.9205
0.617431
1.39566
0.999241
0.107094
0.638243
1.27973
0.828922
1.54582
0.615766
0.89598
1.3033
0.818688
0.83795
1.05599
1.32673
0.528805
0.697056
1.0397
0.685365
0.414849
0.681125
0.260533
1.17301
0.718458
1.01133
0.934201
1.07862
0.202138
1.07097
1.70935
1.38644
0.152488
0.929116
1.66201
0.985306
0.52026
0.865517
1.32584
1.59023
0.241798
0.584202
0.962855
0.835315
0.832064
1.00497
1.35798
0.412658
0.75657
1.12364
1.31303
0.863713
0.378958
0.787359
1.56002
1.52549
1.09875
0.947854
1.49384
1.60554
1.29056
0.872028
0.56821
1.36436
0.674584
1.22332
0.741377
0.903524
0.264113
0.713632
1.55595
1.83428
1.08981
1.20716
1.22998
1.427
1.23519
0.600091
1.1556
0.758134
1.11064
1.52147
1.07972
1.12741
1.29395
0.804608
1.2219
0.321081
1.41466
0.753755
0.42361
0.926484
0.349601
1.65895
1.027
1.04158
0.820365
0.686282
0.519149
0.461486
1.43858
0.659078
1.43956
1.33401
0.937939
1.13805
1.07116
1.09404
1.37065
1.02656
0.831662
1.12454
1.55788
1.29756
0.825336
1.27587
1.36304
0.47928
1.50977
1.37947
1.13864
0.429058
0.951682
0.643586
0.103656
0.658715
0.669439
0.190945
0.726832
0.546746
0.348484
0.306642
0.769079
1.50491
1.07769
1.2794
1.38365
0.759488
0.992795
0.669569
0.157194
1.53685
0.493453
1.31727
0.665074
0.867181
1.06942
1.28927
1.49678
0.543465
0.838581
0.656183
0.497328
0.0181744
0.658821
1.34367
0.768672
1.72994
0.589762
1.38698
0.588853
0.915504
0.779109
0.847571
0.926057
1.36439
1.09099
0.439403
1.21837
0.710431
1.57411
0.985618
1.06707
1.64627
1.2409
1.17557
0.617819
1.17278
0.457964
1.36665
0.8875
0.930119
0.601062
1.61166
1.50744
1.31379
0.838638
0.65405
0.930843
1.26166
0.299452
0.260183
0.882009
0.434326
0.996002
1.37225
0.583588
0.608056
1.0239
0.627919
1.27591
1.52597
1.33389
1.58039
0.462234
0.258489
0.610442
1.15738
0.759375
0.901141
1.68407
0.496669
0.241827
1.23899
1.12153
1.04675
1.39051
1.0551
1.05609
1.37528
1.01895
0.826928
0.936091
0.573134
1.53944
0.323716
1.36919
1.75042
1.14841
1.59707
0.593479
0.769675
0.945701
0.519996
0.779708
0.647707
1.07572
0.986535
0.990409
0.689322
1.00289
0.962536
1.02202
0.457876
0.598737
1.06618
0.699985
0.920556
1.35508
0.36467
1.65905
0.469381
1.65905
0.716666
1.14915
0.459545
1.1014
1.21524
1.3182
0.63078
1.57387
1.1759
0.88019
0.213469
0.809139
1.0411
1.51612
1.41496
0.516938
0.653964
1.5578
0.654674
0.411146
1.0487
1.56735
0.912157
1.77168
1.45534
0.406066
0.616652
1.44256
0.255591
1.44448
1.14723
0.821696
1.50943
1.18582
1.05735
0.205973
0.70714
0.867781
0.98402
1.11126
0.752988
1.21295
0.218084
1.14621
0.269286
0.670464
0.898254
0.540296
1.02827
1.57847
0.784416
1.13822
0.191138
1.06968
0.927744
1.09263
0.779714
1.11458
0.722632
1.80268
1.1523
0.375309
1.44673
0.60194
0.927505
1.14878
1.42095
0.672995
1.07379
1.20841
1.13171
0.828529
0.269482
0.579628
0.73304
1.44789
0.939636
1.177
0.62171
0.941378
0.766016
0.291349
1.4497
0.203746
1.05706
1.33223
1.24532
1.30833
1.17058
1.17529
1.13294
0.687846
0.180434
0.47703
0.599645
1.22141
0.593538
1.07639
1.43001
1.11339
1.159
0.508951
0.843451
1.405
0.960753
0.807408
0.33036
0.981273
1.82297
0.63083
1.26182
0.952386
1.01154
0.789447
0.168217
0.0746751
0.277395
0.635102
0.708345
1.04416
0.861461
0.925433
1.04019
0.491336
1.1524
1.39904
1.01458
0.949811
1.57401
0.428963
1.22628
0.489419
1.76252
0.252475
1.08759
0.995702
0.905611
0.45716
0.833352
1.37672
0.513628
0.327503
1.37677
1.65137
0.155232
1.12321
1.19786
1.35421
1.32839
1.5413
1.05713
1.75831
1.02114
1.17099
0.696657
0.998577
0.516063
0.70541
0.934109
0.29797
0.266813
0.871101
0.875855
1.87794
1.40042
1.30635
0.397851
1.28554
0.975649
0.69684
0.404614
1.23856
1.46463
1.30014
1.28433
1.67244
1.22226
0.638233
0.387758
0.628975
1.21699
1.36063
1.31104
1.05527
1.33461
0.213135
0.866492
0.562964
0.879374
1.15256
1.44701
1.03961
0.310006
1.10081
1.35552
1.12962
1.15142
0.154809
0.764461
0.292332
0.977207
0.64922
0.855586
0.948621
1.56003
0.536303
0.816588
1.53531
1.38545
1.18426
0.999028
1.19599
1.1592
1.65574
1.45977
0.798254
1.2623
0.243727
0.417587
1.01518
0.836564
1.30479
0.893439
0.672622
0.251089
0.282094
1.44611
0.33726
0.875952
0.896144
1.12658
0.854943
1.07601
0.951679
0.883438
0.820071
1.00274
0.528607
1.1079
0.657444
1.41523
0.306885
0.705162
1.09337
0.669447
0.923976
0.375072
0.639368
0.410847
0.384657
1.49053
0.491339
1.34165
0.957201
1.10978
1.25945
0.832961
0.922166
0.994833
0.865251
0.700887
1.38881
0.380227
0.8887
1.53979
0.30773
1.28688
1.10085
1.21103
1.30707
0.988995
0.810325
0.518649
0.732342
0.564919
0.704139
1.38725
0.360019
0.883228
0.988655
0.71047
0.288724
0.906425
0.96495
0.801564
0.673962
0.721425
1.55807
0.804538
1.03806
1.58792
0.872013
1.38305
0.694724
1.34633
1.1926
0.761543
0.940852
0.833062
0.875828
1.08643
1.43413
0.944654
0.688707
0.699408
1.35458
0.81988
0.869123
0.552781
1.99521
1.0134
1.28106
1.13909
0.665673
0.917839
0.686003
0.617285
