0.520429
1.14569
0.793004
1.01375
1.37647
0.770557
1.18021
0.815352
1.52076
2.17208
0.901475
0.876725
1.11872
0.680261
1.24567
1.54183
0.599607
0.918242
1.35266
1.11838
1.87316
0.574426
0.894897
1.44032
0.404956
1.0409
1.17064
0.523712
1.08076
1.52981
0.618644
1.47871
2.10453
0.26147
0.605905
0.977153
1.55018
0.576811
0.727938
0.346495
0.450419
1.68874
1.17517
1.05912
0.742621
0.450345
2.30211
1.2744
1.71093
1.63409
0.12094
1.30388
0.303913
1.29502
1.01236
1.13477
0.947785
0.53967
1.41541
0.413398
1.28104
0.557316
0.605654
0.384987
0.456093
1.18436
1.18337
0.828051
1.28126
1.23386
0.491822
0.49838
0.566496
1.46034
0.709296
0.717904
1.64008
0.969753
0.632295
2.01267
0.970366
0.588318
0.747543
0.439366
0.317322
0.145793
0.998839
1.40696
1.72399
1.55553
0.757408
1.47137
0.659736
1.2053
1.45189
1.27074
1.17201
0.540021
0.795953
1.47894
1.00951
0.676452
0.793579
0.553669
1.57255
0.575602
1.61511
0.804171
0.351538
0.796918
0.632117
0.600149
0.939005
0.796709
1.06604
0.42383
1.65501
1.58425
1.07172
0.754476
1.54559
0.603218
1.95967
0.762359
2.04838
0.437123
1.98718
0.471427
1.40368
0.63988
0.425906
0.657911
1.78635
0.614822
0.981989
1.76229
1.44963
0.316498
0.839044
1.20458
0.341004
0.402959
2.04249
0.485884
0.357521
0.701478
1.31521
0.695031
1.14905
0.63182
1.77391
0.384731
1.66735
1.09991
0.712907
0.629619
0.544598
1.96269
1.3071
0.993582
0.370859
0.583904
1.13493
1.34729
1.34971
0.914425
1.74432
0.532954
0.564729
0.534249
1.30676
1.73242
1.03975
1.51856
0.825425
0.559098
1.92475
0.215791
0.0323692
0.685608
1.86476
1.03104
1.40641
0.923535
1.60006
0.725339
1.13111
1.44755
1.07071
0.40216
1.83655
0.599755
1.84536
1.02808
1.50862
0.350038
0.714444
0.389878
1.53526
1.08965
0.676825
0.957857
1.03059
1.57615
1.15474
1.00477
0.518947
0.905107
1.2405
0.932506
1.37693
0.863615
0.346792
0.364984
1.12536
0.41883
0.47685
1.17526
0.659611
0.699351
1.62891
0.517357
0.67658
0.795148
0.911757
1.48166
0.181946
1.25821
1.3188
0.0668709
1.14552
0.717588
1.12824
0.957679
1.5708
1.65556
0.539167
0.852426
0.251521
1.58994
0.389794
0.398659
0.568944
0.881491
1.19776
1.34623
0.419452
1.47636
1.33709
0.615487
1.19015
1.39747
0.590108
1.84013
1.91188
0.603395
1.29156
1.9168
0.331111
0.557897
1.29089
0.933809
1.41426
1.78526
1.39785
1.03982
1.09546
1.16683
1.39374
1.615
1.63939
1.46056
1.62461
2.02976
1.75632
0.683946
0.679569
1.79888
1.52069
0.419935
1.6487
0.678784
0.77461
0.693484
0.233844
1.16799
1.50604
0.674626
0.820132
0.555888
1.89198
1.52255
1.54297
1.97666
0.672956
1.55513
0.56316
1.85688
1.34346
0.79948
1.09302
0.761963
1.79187
1.25202
0.753713
0.720818
0.980959
1.79075
1.41844
1.76353
0.261973
1.1575
1.60217
1.60182
1.31459
0.675704
1.11959
0.947816
0.560979
1.04937
1.41846
0.726649
0.329358
0.339192
0.567469
0.600341
0.577322
0.970468
0.227528
0.402419
0.18709
0.568037
1.16852
2.52964
1.05582
0.601374
1.21513
1.25948
1.10495
0.969087
0.527438
0.817297
0.650147
0.286916
0.838617
1.96234
0.592824
0.663162
0.901482
1.60685
1.17577
0.852619
0.641828
0.546709
0.709049
0.345928
0.464938
0.343285
1.22265
1.49221
1.36811
0.98453
0.895456
0.526601
1.29026
1.42646
1.1959
0.927349
1.69309
0.840673
0.972186
1.72714
0.289618
0.62824
1.92895
0.714576
0.55979
1.70821
1.90329
1.03817
0.570959
1.22512
0.995274
0.881225
1.83051
1.62703
1.45885
1.06898
1.06001
0.637411
0.802036
1.04694
1.95461
0.606599
0.784092
1.49627
0.842677
0.445965
1.19072
0.904502
1.55524
0.471712
2.04928
0.0621949
0.686725
0.281724
0.388548
1.39977
0.242998
0.952145
1.84953
1.70817
0.789191
1.6423
1.33654
1.27308
1.23522
0.654305
0.22702
1.08493
0.845726
1.25178
1.70098
0.558598
1.27546
1.2269
0.792836
1.046
1.46104
0.609074
1.6495
1.21055
0.842846
0.718254
0.894972
1.30795
0.367077
0.402541
1.55558
0.865268
0.144792
1.12155
2.11226
1.54084
0.793294
1.61121
0.458187
1.00948
0.877364
1.20548
0.420267
1.32019
1.72147
1.23829
0.259387
0.585179
1.63064
1.40632
1.00669
1.03699
0.582504
0.994672
2.08416
1.05457
1.4116
0.0615489
0.479608
0.8078
1.39117
1.91946
1.20454
0.984055
0.1661
1.92854
0.868102
1.68901
0.346395
1.69109
0.424169
0.481999
1.49292
0.374819
0.95635
0.927626
1.25811
0.138508
0.0482682
1.23162
1.50113
1.73543
1.73971
1.07494
0.413255
1.36383
1.18655
0.775719
0.845205
0.540324
0.679607
1.04532
0.850844
0.0992194
1.0216
1.20864
0.203597
2.22947
0.720999
1.10554
1.04242
0.702863
1.60539
0.814276
0.978222
0.506278
1.57257
0.467099
1.57351
0.934469
1.27438
1.1101
0.824906
0.139778
0.492826
1.11688
1.63136
1.63457
0.919143
0.763086
0.679134
1.6342
1.41454
2.32315
1.18765
0.310507
0.447857
1.60973
2.03519
0.872665
0.983514
1.38758
0.720704
1.01635
1.57784
1.42742
0.80796
1.1909
0.675096
1.2653
1.71905
0.295562
0.658389
0.789108
1.76301
0.202461
0.89637
1.22704
1.00292
0.783922
1.91959
0.299013
0.401326
2.02526
0.841667
0.199582
0.487071
0.652304
0.450278
0.827399
1.12609
1.70825
0.514339
0.779696
1.63755
0.694707
0.916854
0.535717
1.26647
0.883819
1.85904
0.774595
0.44957
0.622948
2.0023
0.296278
1.53583
1.38458
1.22079
0.774571
0.598433
0.926891
1.98859
0.605678
1.37917
1.0314
1.31456
1.18936
1.54906
0.687339
0.593836
0.200328
0.837035
1.99933
0.882124
1.30598
0.91399
2.19592
0.883536
0.314889
1.81878
0.767961
0.986508
1.49346
0.760805
0.299793
1.04384
0.368437
2.60577
0.402377
0.832403
2.00789
1.80178
0.641707
1.23282
1.07883
0.728549
0.546367
1.33081
0.577073
1.34582
0.954121
0.988339
1.67382
0.567773
0.678917
1.09586
1.57747
0.600027
0.891366
1.33509
0.667518
0.703855
0.88314
1.68698
0.729787
0.872562
0.653053
0.938809
1.84029
0.399842
1.69114
0.323101
1.11429
0.497005
1.04098
0.823444
1.01198
0.57442
0.634035
1.31732
1.45781
0.990765
1.6045
1.04622
0.497226
0.394104
0.109122
0.270367
1.80262
0.508023
0.824547
0.673518
0.482791
0.912423
0.966199
0.476173
0.31783
1.00916
1.45413
0.707428
0.355936
1.09206
1.08002
0.813485
0.412102
1.18411
1.35979
1.41325
0.3007
1.24967
1.61507
0.342106
0.518811
1.61201
1.21499
1.86959
0.481562
0.808648
1.47952
0.346997
0.573647
1.851
0.893098
1.53188
1.48593
0.260386
0.417096
0.311282
1.46396
1.9411
0.615044
0.142566
1.83314
1.22807
0.248655
1.72643
1.25575
0.420012
0.587876
0.577471
0.560417
0.169058
0.90835
0.70695
0.619024
1.14464
1.06164
1.4315
0.483233
1.2401
0.915788
0.918915
1.4608
1.21835
1.37506
1.55349
2.04311
0.916309
0.570772
0.876461
1.43209
0.845632
0.656914
1.5541
1.59014
1.33927
0.322467
0.236317
0.904356
1.16114
0.235011
1.30175
1.06995
0.68293
1.62888
1.94709
1.21809
0.603276
0.913394
0.69294
1.0632
1.58093
1.38994
1.305
1.2314
1.23294
0.90511
0.38763
0.871199
1.71058
1.78333
1.1812
0.735506
0.497773
1.27494
0.346046
0.819237
1.52344
1.62278
1.02213
0.960592
0.543395
0.789043
0.857537
1.37214
0.922141
1.15281
0.845345
1.83887
1.89171
0.497581
0.998181
1.82743
1.19256
0.973269
0.800891
0.784778
1.17877
1.44854
0.935929
1.20099
1.18725
1.74658
0.522443
0.600739
1.46683
0.121509
0.841476
1.08043
0.325074
1.57175
0.419474
0.898783
0.537946
0.337684
1.84572
1.29448
1.47333
1.0752
1.31639
1.1092
1.05432
0.781805
1.7994
2.26027
0.606762
1.68967
0.21025
1.50748
0.233142
1.02659
0.795958
0.700114
0.935485
1.63967
1.38101
0.654899
1.83997
1.05442
1.11823
0.55816
1.39084
0.719156
1.92422
0.495447
0.745572
1.58988
1.44465
0.801866
1.6209
1.22024
0.589814
1.3325
0.429107
0.301903
0.140967
0.282379
1.73833
1.9174
1.26641
0.84177
1.60877
1.53843
1.56925
0.613362
0.957829
0.482568
0.405918
0.146509
0.696483
0.636413
0.55383
1.65691
1.54339
0.780914
1.24214
1.57435
1.04433
1.14726
0.693716
0.834688
0.363137
0.35349
1.25182
0.820353
1.35651
0.524315
0.338736
2.37232
0.924084
0.858156
1.532
1.41869
1.85496
0.57259
1.30565
1.21778
0.263716
1.15169
0.742677
0.817799
1.56882
1.6592
1.62048
2.12581
1.97185
1.43864
0.455354
1.83203
0.990353
1.04745
1.41418
1.12598
0.530607
1.5828
0.500887
0.602545
0.241969
1.2728
1.95995
0.833448
0.873255
1.43097
0.259213
0.518859
1.25819
0.564258
0.819027
0.669041
1.61042
0.533906
0.790232
0.397825
1.11844
1.16112
1.24513
1.16495
0.794648
1.24435
0.15593
1.25162
1.69922
0.344954
0.477607
2.12446
1.1101
0.568236
0.751168
1.07669
1.30498
1.10727
1.47889
1.16228
1.47904
0.406397
0.599574
1.19464
0.860595
0.149133
0.29919
1.83227
0.56202
0.729584
0.42204
1.43389
1.21928
0.893448
1.18834
0.693561
1.329
0.591314
1.45467
0.814742
0.741197
0.801092
1.22952
1.21042
0.631652
0.755016
0.217171
1.08702
1.18141
1.22221
0.206108
0.418988
0.650001
0.300165
1.41636
0.234854
0.890746
1.14528
0.942512
0.971339
0.402322
0.883395
0.69041
0.0754297
1.27317
0.673137
1.32452
2.00797
0.467908
0.264804
0.761059
0.831479
1.93412
1.48207
0.815992
1.80329
0.44638
1.71197
0.921351
1.05275
1.6205
1.24877
1.57539
1.19329
1.4868
0.376651
0.477464
1.51945
1.0646
1.22512
0.506728
0.238947
1.71767
0.21457
0.555936
0.55158
0.61908
0.57083
0.478285
2.06658
0.704505
1.83874
1.964
0.399577
0.632531
1.86988
0.501287
0.742834
1.60348
2.30481
1.68106
1.17479
0.851017
1.85359
1.26219
0.925174
0.437497
0.537251
0.223138
1.55406
1.5464
0.777026
1.28345
0.516944
0.466636
1.22373
0.907811
0.585435
0.191849
0.752044
1.80383
1.13318
1.51401
0.95901
1.70145
2.09852
1.23585
0.231226
0.906244
1.75219
0.726853
1.14639
0.966299
1.74088
0.784056
0.129345
1.04741
1.32177
0.910105
0.816339
0.542824
0.41271
0.292037
0.870235
0.728535
0.719954
0.751564
0.503736
0.705025
0.911115
0.7769
0.900801
0.853402
1.69385
1.44781
1.32679
1.4325
1.28767
0.776809
0.795787
1.03963
0.313623
0.369336
1.5838
1.21458
0.23017
0.40054
0.92547
0.850709
1.77479
0.741193
0.294956
1.52445
1.31516
0.513208
0.418251
0.562397
0.312732
1.28754
0.731802
1.09562
0.541439
1.02187
1.23438
2.19007
0.73254
1.31973
1.52896
1.46304
0.685557
1.84649
1.01963
0.0901741
0.855349
1.01584
0.736624
0.879623
0.921562
0.701912
0.60275
2.08467
0.261976
0.883038
0.686345
1.03014
1.35317
0.941074
0.913899
1.69734
1.16173
1.78782
1.36167
0.528119
1.20336
0.962693
1.11507
1.17553
0.484683
1.33852
0.434037
1.20906
0.409608
0.707738
1.82282
0.303718
1.32677
2.29689
0.566541
1.09635
0.357299
0.742059
1.0172
1.65542
0.709783
0.491696
0.229239
1.19965
0.795637
0.53698
1.72663
0.81784
1.2237
0.565227
0.188596
2.26215
0.417055
0.234986
1.10721
1.3696
0.695441
1.29194
1.1759
1.86253
0.377098
1.44343
1.52071
0.663434
1.05711
1.68537
1.25037
0.513463
0.970707
1.18316
0.417256
1.79607
0.78293
0.504475
2.04642
0.282819
2.137
1.11539
1.39204
2.0506
1.61699
0.623249
0.713768
0.997685
1.04743
0.670979
0.447663
2.06501
1.87734
0.888631
0.993251
0.510373
1.62476
1.02696
0.156241
1.51466
0.427845
0.924065
0.808177
0.995879
0.923191
0.631684
0.555294
0.978906
0.943782
0.467208
1.0639
0.218281
1.1083
0.622217
1.34975
1.29427
0.496108
1.04952
1.36721
1.85201
0.980992
1.8636
0.456041
0.20535
1.4388
0.117967
0.942557
0.730625
0.30061
0.910198
1.04206
1.11603
0.429484
0.751922
1.21846
0.414834
0.324915
1.1553
0.891656
1.83437
0.600429
0.443134
0.890691
0.73688
1.09863
1.36753
0.784484
1.17728
0.852899
0.0942211
0.206603
1.20696
0.454352
1.00462
0.82192
1.69726
0.740453
0.757803
1.29078
2.07413
1.00582
1.06996
0.433871
1.4155
1.85567
1.54234
0.895134
1.79845
0.525151
0.549703
1.54756
1.30859
1.19464
0.709313
0.434856
0.73431
0.444909
0.413905
1.84188
1.23342
0.201204
1.87821
0.4133
0.96871
1.11585
0.826211
1.59087
1.01715
1.6826
0.223032
0.395659
0.883628
0.920845
0.330453
1.22307
0.961882
1.08022
0.567259
0.805795
0.974385
1.17343
0.917758
0.661482
0.65971
0.735972
1.91665
0.898367
1.41427
0.550195
1.0418
1.08413
1.06665
0.116893
0.379556
0.497464
1.09469
0.720575
1.44856
1.37725
1.6113
1.03136
1.37377
1.55855
0.427108
0.773035
0.520663
1.18874
1.38262
1.91428
1.60374
0.416817
0.787398
1.1188
0.664374
0.988891
0.992784
0.296705
1.74891
0.614937
0.90342
0.742863
0.662576
0.842701
1.16023
1.03278
1.05898
1.09912
1.06808
1.8085
2.09428
0.647088
1.67051
1.97546
0.947239
1.11757
1.38755
0.87483
1.23179
1.41455
1.606
0.887969
0.694771
1.10719
1.42169
0.0285505
0.109329
0.617505
0.670051
0.537698
1.39789
0.206745
1.26926
0.947248
0.75083
0.525503
0.489064
0.407664
2.11082
0.238343
0.508884
0.174754
0.236515
1.31024
0.491102
1.13165
0.830109
1.40555
0.242446
2.14896
0.841475
0.636498
1.66248
1.06132
0.947796
1.35844
1.29995
0.914077
1.14334
0.186289
1.89201
0.519207
0.377498
0.85092
1.37317
0.990581
1.11421
0.463544
1.21227
1.24559
0.682905
1.71538
2.05345
0.406632
1.90182
1.31919
0.879607
1.43707
1.0232
0.836993
0.956399
0.817177
1.06096
0.401292
1.21089
0.303112
0.472914
1.1818
0.621642
0.524788
1.07087
0.628321
0.632338
1.64497
0.193898
0.323021
1.65172
0.569651
0.642779
2.34997
1.43947
1.42912
1.44132
1.79727
1.37584
1.25337
0.613739
2.24447
0.407756
1.10289
0.563719
1.00383
0.655786
1.0014
0.953152
1.87181
0.754663
1.26457
1.55549
1.51588
0.46263
1.52299
1.51172
0.489246
0.578002
1.3633
0.398883
1.26927
1.5326
0.593859
1.00785
0.561744
2.30145
0.744661
1.32032
1.12928
1.80349
0.181981
1.17571
1.61559
1.56301
1.56585
0.643294
0.683914
0.816853
0.904989
0.502451
0.126366
0.550302
0.360387
1.04275
0.678487
0.516578
0.464347
1.50138
0.69655
0.152762
1.32419
0.544137
0.414804
0.980419
1.65923
1.58084
1.34821
0.945022
0.754458
0.97963
1.01384
1.31568
0.520127
0.566971
1.62382
0.998488
1.10792
0.857939
1.27843
0.440777
0.818515
1.82115
0.238521
0.80781
0.70775
0.372618
1.54495
1.68234
1.57323
0.416886
1.86879
1.24
0.260865
1.09106
1.59262
2.1687
1.18742
0.42778
0.732764
0.429734
1.74152
2.18927
1.79484
0.322111
0.952293
1.95576
0.843364
1.00707
1.21875
0.747229
1.27747
1.77964
2.01178
0.33836
1.58115
0.719197
1.17038
1.19499
1.36184
1.80368
0.0821248
0.39685
1.40343
0.713561
1.67124
0.407945
1.45766
0.978681
1.38867
0.456057
0.503225
1.4876
1.46693
1.44501
0.783605
1.22015
1.26108
0.51225
0.810568
0.680964
0.9064
1.00017
0.681352
0.639006
0.922648
0.983251
0.985973
1.20446
0.866637
0.572248
1.63917
0.912283
1.44333
0.387237
0.356963
0.617499
0.430713
1.45797
0.452525
0.866272
1.1869
1.50717
1.17029
0.42045
0.190459
0.195159
0.501168
0.52852
0.736319
0.32767
0.691615
1.88157
1.09247
1.87264
0.91387
0.427354
1.15958
0.849142
0.830348
2.04646
0.989827
1.09614
1.16824
1.18808
0.992968
0.483745
0.595196
1.69036
1.34394
0.880666
1.26248
0.154966
1.96971
1.39754
0.573338
1.15663
0.379376
0.923402
1.5682
0.831718
1.4317
1.32024
1.64428
1.36676
0.552738
0.513998
1.45494
0.82422
1.6176
0.847634
1.42582
0.794715
2.00275
1.46682
1.38953
1.22988
0.379524
2.07389
0.370604
0.933883
0.950112
1.66051
1.23814
0.957829
1.1531
1.60502
1.67906
1.56379
1.07544
0.574454
0.823063
1.59673
0.993429
1.4381
0.948801
0.374982
0.946359
0.185998
1.85094
1.31791
1.35625
1.36548
1.55724
0.763452
1.49203
0.846208
1.25072
0.391057
1.50285
1.684
0.980365
1.05266
0.58795
1.92121
0.411071
1.05082
1.97601
1.46132
1.2782
0.50019
0.843605
0.6695
1.51094
0.668752
0.795979
0.683787
1.16446
2.20489
0.360019
1.23386
1.11343
0.524783
0.364595
0.804152
1.1204
1.959
0.906193
0.437712
1.80882
1.64508
0.63279
1.39943
0.921065
0.509331
0.229629
0.607184
0.716999
1.0455
0.628795
1.99587
1.35939
1.01199
1.03369
1.56712
1.39661
1.25233
1.12602
0.220626
1.106
1.48931
1.64493
1.22591
0.728348
0.199149
0.162625
0.250239
0.30685
1.3659
1.38439
1.66573
1.74362
1.61393
0.834169
1.03911
0.738487
0.618216
0.825116
1.74944
1.29101
0.686046
0.50452
0.733692
1.91528
0.839638
0.198622
1.025
0.474605
0.81407
1.13477
1.26848
1.07189
0.881836
0.559739
1.57568
0.434497
2.00313
2.10365
1.03464
0.763818
0.782903
1.60616
1.10573
0.276938
1.84205
1.12101
0.731458
1.51399
1.59585
1.24143
0.669821
0.539542
0.805562
0.728985
0.404411
1.03961
0.847027
0.560002
0.504774
1.21604
1.39105
0.370905
1.38045
1.03467
1.58492
2.17429
0.702148
1.20204
0.799217
1.38051
1.1444
0.958251
0.569258
1.21819
0.350021
2.26102
0.588692
0.555692
0.616704
1.1599
1.15572
1.79311
1.65359
0.264858
1.67495
0.512069
1.43073
0.245684
1.256
0.0762369
0.879478
1.69874
0.391688
1.7068
0.840356
1.10634
0.195931
0.271263
1.48522
1.47903
0.21969
1.1948
0.491583
1.50992
1.8228
0.885475
1.69979
1.70152
0.447539
0.631607
0.664493
1.15124
1.31142
1.31764
0.809256
1.31191
1.29316
1.1052
0.136736
1.71663
0.258982
0.87272
1.06414
0.734121
1.19394
1.34298
1.78582
1.42846
0.415542
1.04908
1.14687
0.484101
0.324516
2.33494
0.897646
0.985313
1.53058
1.37722
0.45187
1.43305
2.36633
0.945186
0.936399
1.42781
0.815728
0.787335
1.0662
1.41958
0.24105
1.20521
0.13715
0.45591
1.21701
1.16324
1.3327
0.875454
1.02346
1.09339
2.1979
0.229427
0.652244
1.62179
1.34743
0.388003
2.10754
0.269347
1.31053
1.23914
0.172257
0.639507
1.51107
0.789586
1.74018
0.674923
0.959639
1.33588
0.79662
0.958419
1.62723
1.68705
0.491913
0.641561
1.34109
0.371378
0.677993
0.645562
0.72452
0.958604
0.893297
1.11819
1.21288
0.718024
0.335904
1.15892
1.85059
1.56855
0.310938
0.445698
1.52439
0.647627
0.302847
1.05327
1.01205
1.63416
0.21711
0.479269
1.44625
1.02211
0.578589
1.02117
1.38637
0.93315
0.729307
1.53482
1.48733
1.12024
0.629142
0.541812
2.07586
1.54859
1.08642
0.775906
1.30122
1.88136
1.36377
1.02701
0.523579
1.41195
0.855279
1.48238
0.956722
1.08584
0.607252
0.363983
1.63882
1.64274
0.721389
1.10333
1.81356
1.78305
0.793351
0.604789
1.24106
0.849395
0.909377
1.84058
1.02707
1.16096
1.24252
0.792396
1.6528
0.223504
1.55893
0.346335
0.425167
0.888653
0.722579
2.01365
0.800287
0.672541
1.04357
0.395199
0.395759
0.797396
2.01726
0.89804
1.31935
1.21215
0.972129
1.4561
1.72764
0.98664
1.67857
1.24026
0.710837
0.857683
1.91546
1.19887
0.698182
1.56127
1.67116
0.753703
1.15163
1.37448
1.07982
0.290268
1.08998
0.645219
0.695592
0.826037
0.656696
0.142937
0.51872
0.435813
0.143538
0.5451
1.07138
1.72759
1.08925
1.52147
2.04811
0.428825
0.658338
0.107703
0.366337
1.55822
0.697619
1.50026
0.3197
0.699228
1.44269
0.99673
1.88341
0.096844
1.09146
0.905838
0.749828
0.415451
0.205183
1.55237
0.858548
1.5592
0.470308
1.12464
0.568122
1.19411
0.889916
0.487682
0.878477
1.53783
0.995935
0.377323
1.07507
0.79936
1.52056
1.48131
1.37033
1.95771
1.3161
1.16014
0.500363
0.85095
0.413782
1.23136
1.25455
0.376683
0.476272
1.92422
1.72808
1.41398
0.591658
0.47769
0.680874
1.37829
0.266292
1.04516
1.29348
0.56287
0.293308
1.23406
1.18587
0.708403
0.868847
1.13266
1.60964
1.74229
1.50362
1.97872
0.333689
0.823758
0.115608
0.762331
0.860193
0.665634
1.73799
0.698656
0.578538
1.32952
1.29617
1.05961
1.47098
1.08133
1.11906
1.39684
1.27011
0.576044
0.514905
0.732796
2.24128
0.742039
1.28951
1.62457
1.1903
1.95921
1.0429
0.634156
1.28294
0.315501
0.678014
0.613222
1.16581
1.41928
0.574538
0.662879
1.47792
0.712323
1.28433
0.514708
0.0907789
1.21219
1.12629
1.54908
1.17463
0.10907
2.24871
0.601198
1.63887
1.00911
1.50808
0.228982
1.01998
1.34221
1.37082
1.27318
1.77143
1.24806
1.22811
0.235756
0.39009
1.0627
1.44412
1.3999
0.536097
1.02985
1.86691
0.465773
0.259883
0.76772
1.51602
0.830515
1.87643
1.42579
0.607809
0.514977
1.62395
0.724821
1.74627
0.972341
0.483364
1.30945
1.22316
0.960542
0.089011
1.25715
1.13865
0.985997
1.07342
0.59786
1.48857
0.248241
1.46318
0.511081
0.854653
0.860134
0.271556
1.07963
1.95381
0.569153
1.10536
0.505822
1.58281
1.21493
1.5608
0.843553
0.573219
0.494324
2.10736
1.63409
0.426493
1.59874
0.434779
0.998187
1.02645
1.40543
0.204791
1.07872
1.23459
0.957358
0.598145
0.716756
0.381654
0.512018
1.61631
0.748108
1.14131
0.482021
1.03397
0.530432
0.490153
1.36357
0.621758
1.43408
1.59783
1.54959
1.24952
0.920801
1.46404
1.42912
1.18185
0.366581
0.931861
1.38453
0.958762
0.642699
1.19847
1.83654
0.960158
0.948591
0.546412
0.741074
1.36241
0.960483
0.093461
0.210803
1.06812
1.96538
0.700836
0.926632
0.948378
1.33982
1.11321
0.322294
0.465304
0.829744
0.460548
0.969966
0.538621
1.13913
0.716008
0.684586
0.673475
1.47215
1.55609
0.912129
1.0266
2.12249
0.771
1.7022
0.926711
2.03307
0.101167
0.839705
1.29301
1.33526
0.609057
0.0867712
1.22815
0.22589
0.767052
1.65254
2.0023
0.319461
0.939229
1.56901
1.27789
1.16528
1.10847
0.79272
2.0106
0.788791
1.14577
0.736968
1.44674
0.283732
1.11534
0.589674
0.818985
0.817234
0.119062
0.99564
1.80316
1.41801
1.6211
0.535641
1.23413
1.54046
0.651442
0.383144
1.38811
1.94961
1.71962
1.20761
1.95518
0.989214
0.835004
0.69358
1.08709
1.41754
1.55133
1.46699
0.928051
1.31736
0.466899
0.790363
0.654863
1.18601
1.65409
1.63108
0.829933
0.408724
1.13969
1.68299
1.64816
1.34335
0.151705
1.27427
0.484657
0.741257
0.443529
0.89201
0.871618
1.91628
0.303829
0.848659
1.8883
1.15215
1.01305
1.12741
1.28254
1.43939
1.7868
1.43444
0.979108
1.18725
0.651225
0.314167
1.02328
1.07323
0.732964
1.05712
0.367338
0.744301
0.507006
1.3525
0.158281
0.877649
1.30595
1.31595
1.16128
1.20909
0.535558
0.923286
1.26261
1.32015
0.0915409
1.05058
0.529603
1.51645
0.283619
0.407215
1.10584
0.639997
1.54269
1.09816
0.419816
0.897948
0.886243
1.62507
0.813203
1.82115
1.10434
0.723739
0.84633
0.723948
0.325284
1.13672
1.08884
0.326398
1.75005
0.459323
0.742932
1.60976
0.450588
1.78838
1.80858
1.47057
1.35211
1.3333
0.535984
0.338104
0.660253
0.820656
0.535655
1.30308
0.405275
0.312217
0.794357
0.972474
0.612441
0.870009
0.430332
0.545661
0.411728
0.524879
2.07228
1.09919
1.11898
1.48958
1.00507
1.43773
0.82775
1.29339
1.06068
0.62656
0.530297
1.30945
0.863602
1.1624
1.61367
0.823847
0.793217
0.41974
1.57716
0.714129
0.455594
0.427619
2.45235
0.921977
1.19356
1.04252
0.577196
0.525375
0.518772
0.80227
