0.89019
2.19008
1.94817
1.16846
0.91906
2.08822
2.98639
1.35541
1.70868
0.969856
0.653313
0.926013
0.653155
0.56706
3.11318
2.05412
0.887446
0.625953
0.645492
0.942181
2.897
0.104198
0.942753
1.19026
1.80742
0.0670301
1.28543
0.459657
0.562545
1.4033
0.877822
1.66762
0.732529
0.144461
1.33379
0.266068
2.50483
1.34774
2.18712
1.08831
0.76426
0.826854
0.366368
1.36746
1.23718
0.927766
1.20316
1.91564
1.62892
1.64087
0.765134
1.05234
1.11644
1.07047
2.42072
3.15426
2.1741
0.2236
1.03063
2.10154
0.379136
0.949434
1.18412
0.840343
1.75898
2.18329
0.0640914
1.70437
2.57793
0.854654
0.37082
0.266965
2.40965
1.79206
1.46647
0.826175
2.0166
0.747158
1.78303
0.852337
0.455378
2.07236
2.2165
1.20628
1.18806
1.43915
1.45288
0.569841
1.14807
1.0958
1.69606
0.887164
1.02113
0.635397
2.10483
1.11239
0.926807
0.287073
1.12271
2.53068
1.7847
0.0921089
0.365358
2.02127
1.09677
1.57235
1.25679
0.795492
0.759866
1.07715
0.641203
1.66218
2.10643
0.554371
1.15491
1.97379
1.12184
1.24903
2.48706
0.468542
0.17758
0.507335
2.60014
1.72622
2.00396
0.948597
0.868176
0.149956
1.03207
1.95995
0.146403
1.0487
1.08916
1.58304
2.14547
1.87039
0.957087
1.94743
0.269119
0.436917
0.316277
1.19394
2.91056
0.524223
1.044
1.25515
3.2282
0.731654
1.09056
0.128689
1.7955
1.19144
1.13053
1.78005
0.480457
1.15298
1.87156
0.31177
1.90921
1.44097
0.801686
1.79147
1.18284
1.77209
1.23832
0.198559
1.09553
0.491738
1.19072
1.5588
0.600905
0.0622954
2.2439
1.17801
1.57798
1.5528
0.981451
2.98043
0.645053
0.748939
1.09484
1.27494
3.30289
1.2727
2.3042
1.90186
2.01156
1.16023
0.982789
1.27184
1.23409
1.16863
1.41917
2.25349
1.26435
0.6467
0.825574
1.39048
1.491
1.22217
2.68527
1.45475
1.57883
2.19213
1.91719
1.79471
0.0852058
0.863621
1.04235
0.466532
0.569023
3.12042
1.55634
1.14656
0.98874
1.09383
1.75442
0.804582
1.73025
0.788593
1.88595
1.85994
0.528048
0.863644
2.96749
2.08677
2.175
0.819475
1.49977
1.43696
0.908285
1.67889
2.3592
1.78358
1.58885
1.34179
3.24688
0.580563
0.269434
1.32746
1.00799
1.71329
0.602729
0.416521
0.902866
0.445791
0.731268
0.750348
0.910627
0.258773
0.657643
1.17681
0.737633
0.675751
0.681134
1.48646
2.08979
0.82896
1.77894
1.14395
1.32037
1.91324
1.00822
1.43774
0.596683
1.48761
2.58853
3.26362
1.22648
1.30991
0.313181
0.118931
0.416763
0.111836
0.348347
0.67005
0.3899
1.97768
1.1998
1.50656
1.6136
1.18946
1.94169
0.265803
1.47728
1.21658
1.51806
0.952137
1.29312
1.36142
1.33645
2.59913
2.46923
2.84499
1.21033
1.80877
0.53712
0.32729
0.722822
0.815525
2.15185
1.39161
0.520673
2.03363
0.906821
2.06928
0.618273
2.55447
1.34455
1.67523
0.907291
1.51996
0.411173
0.47766
0.936808
1.44791
0.524006
1.14213
0.114541
1.25635
1.77996
0.599291
0.74473
2.59281
0.32565
0.875117
1.75608
0.520359
1.09673
0.824563
1.25975
1.42283
1.776
0.779838
1.59322
1.65192
0.564616
0.451773
2.61313
0.807066
1.96023
1.08401
0.583449
1.66651
1.82862
2.17129
1.11161
0.557933
1.24578
0.531253
2.58311
0.56594
0.834558
0.529025
0.933911
1.53347
0.755232
0.628509
1.08341
1.12913
0.953957
1.04604
1.34714
1.02924
1.69356
2.31474
0.498829
2.26128
1.54584
2.38912
0.637338
1.82381
2.01805
1.30767
0.419863
0.134275
1.12465
0.814766
0.678916
1.66724
0.944952
1.19504
2.51389
1.52196
2.87175
0.346778
1.08972
1.455
0.655144
0.765157
2.65286
2.22223
0.906263
1.58028
1.8318
1.85253
1.26584
0.525501
1.24218
0.788803
1.44432
0.867226
0.703984
2.06628
0.678204
0.529556
0.980859
1.19841
1.40221
2.14517
1.78656
1.63033
0.418078
0.796197
2.20387
0.353346
1.7379
1.21958
0.618475
0.610726
1.44946
1.82541
2.18206
1.65502
1.0701
0.432596
0.88645
2.74624
0.148691
2.06781
1.01001
1.80093
1.11448
0.526352
0.923401
1.52775
0.780049
1.36868
2.85468
1.62057
1.70675
1.05926
1.08128
2.04641
1.66148
1.84461
1.05823
1.19068
1.42903
1.55173
1.90859
1.48083
2.55299
0.150988
1.9843
2.3149
0.908443
0.418267
1.38195
1.46522
1.25953
0.70949
0.638744
1.71314
1.47459
0.314987
1.28456
1.77117
0.843013
1.44283
1.94294
0.565921
2.78092
0.861659
0.323723
1.46501
1.15017
0.780851
2.304
1.51315
1.22724
1.80453
1.06813
1.21197
1.69125
1.13975
1.39899
1.46815
0.548225
1.67421
0.484189
1.46086
1.14794
2.40138
0.889331
1.99307
0.806512
0.278614
1.98296
0.979031
0.811202
0.998727
0.411813
0.741192
0.901345
1.34363
0.235072
0.888827
1.97187
0.711902
0.567422
1.76555
0.649279
1.18545
1.13148
1.5667
2.1091
0.348249
2.33214
1.43985
0.713829
1.36211
0.634302
1.25086
1.22749
0.574074
1.59564
2.10634
2.45384
0.709148
0.882141
1.91055
1.12299
1.84531
1.97304
2.64042
0.45613
0.231811
0.31635
0.839909
1.46821
0.39496
0.49516
0.828137
0.262913
2.5625
1.52681
1.71335
0.725938
2.10114
1.34734
1.22922
1.37432
0.686982
1.26148
1.87708
1.26107
1.56129
1.27141
0.760579
0.185155
2.7539
0.9968
0.801334
2.31462
0.656524
2.08225
0.876976
1.87027
1.15954
1.40983
2.2463
1.36695
0.670743
1.23317
1.3786
1.05446
2.45647
1.90342
1.37669
0.48445
1.14173
2.05339
1.3074
1.57581
0.659594
1.64838
1.51859
1.03227
0.893461
1.94984
1.64443
1.8051
0.681105
1.00609
2.00983
1.26156
1.71815
1.73936
1.63464
1.35549
1.27128
1.09854
1.71109
0.835956
1.80184
0.52921
1.04412
2.28199
0.523357
0.733334
1.62489
0.964951
0.666599
0.493704
0.805214
2.12755
1.08059
1.12956
1.03621
2.0481
0.626685
2.32452
1.66687
2.03941
2.15165
0.726674
1.34595
1.67156
0.548276
2.61998
1.25534
2.06144
0.308727
2.66608
1.10912
0.966152
1.02981
3.47321
0.880786
1.45303
1.46372
1.01093
1.14524
0.457409
1.31542
0.98375
1.20044
0.56773
1.72958
1.56063
1.34387
0.540184
1.267
1.12373
0.21972
1.64706
1.30146
0.518217
1.44162
0.694243
1.67857
2.14597
1.42778
1.80437
1.74437
1.81965
2.20364
0.718376
0.499638
1.85715
0.993436
2.31626
1.13994
3.03897
1.00124
1.13625
0.956462
1.44785
1.78909
1.29768
3.04782
1.21244
1.0969
1.82437
1.25822
1.98128
0.336006
1.88978
2.57065
1.91672
0.948275
1.33514
1.08996
1.45519
1.84712
0.908748
1.33327
0.428297
1.0318
0.753755
2.44978
2.42637
0.621455
1.97112
1.18529
1.3848
2.09043
0.843767
0.495521
0.914145
0.749863
0.511203
1.0291
1.08052
1.67358
1.15861
1.59248
0.925889
0.596337
0.565318
1.49457
0.851603
0.735221
1.56744
1.86044
1.08762
0.685817
0.624987
1.57008
1.88386
0.311643
1.10933
1.60867
0.47995
0.680428
1.23115
2.21409
1.37481
0.531044
1.04619
1.26603
4.58121
0.674382
1.04363
1.35709
0.458787
1.47692
0.908583
2.23738
1.66556
0.358757
0.388819
1.44901
1.83516
2.3777
1.00184
0.688647
1.22148
1.09244
0.634138
0.968297
1.51164
1.33536
0.107222
1.56381
1.76031
1.64894
1.41349
1.97062
1.06585
1.75808
0.766646
0.437671
1.87824
1.62318
1.19375
1.31692
0.688857
1.53196
0.692362
1.52556
2.39452
0.947115
1.63195
1.55983
2.71144
0.56083
1.15702
1.68229
1.719
1.77275
1.29995
2.12677
3.08637
1.72761
2.24154
1.45837
2.21131
1.77229
1.57009
0.644932
0.985753
0.331593
0.86987
0.220392
1.28406
1.19251
0.842275
1.30817
1.64426
0.673435
1.84063
1.49346
1.31818
1.50198
2.67699
1.38449
0.399471
0.77017
1.66825
0.237832
1.80837
0.32625
1.75949
0.303463
1.23975
2.80574
0.741534
1.57869
0.358904
1.87361
1.5843
2.03925
1.35858
1.23367
2.32367
1.11195
3.22672
2.39886
1.01168
0.81682
1.07972
1.31553
1.4012
2.35368
1.67259
2.34072
2.7926
1.8593
1.62781
1.79043
0.420867
0.648086
0.239665
1.63055
1.11919
1.96353
0.274017
1.1717
0.84518
1.652
1.17673
1.04734
2.32086
1.28618
0.602395
0.836915
0.149412
0.823344
2.69195
1.78787
0.208045
1.27702
0.727853
1.86472
1.49238
2.02501
1.66138
1.01259
1.74222
2.03526
1.14048
1.53102
1.03509
0.721247
1.22196
2.41674
0.513655
0.715104
1.71909
0.627733
1.73315
1.55622
1.94274
0.92695
1.89377
1.34869
1.59193
1.43055
0.563098
0.186257
1.96754
1.17869
1.19105
0.708768
1.41347
0.477934
1.80232
1.04097
1.37821
0.91561
0.731228
0.778626
0.688388
1.172
3.44249
2.69943
0.681447
1.36082
1.49854
1.60873
0.610947
1.78114
3.79128
1.42209
1.43994
0.347793
2.43047
2.2921
1.16767
1.46639
0.560757
0.64079
1.64527
0.371058
1.69366
1.35173
1.34333
1.40621
0.819522
0.980052
1.13693
1.03824
0.94488
1.50218
1.12087
1.03104
0.428621
1.68479
1.7793
1.53346
0.754338
2.19845
0.871632
3.13479
1.23498
0.922398
0.728308
1.66338
1.56172
1.21345
1.7354
0.990077
0.0857106
0.298386
2.13651
1.02188
1.89592
0.972319
0.825231
1.34223
1.52225
1.82417
1.53078
1.71813
0.949091
2.89673
0.852104
0.950197
0.407811
0.6068
1.49896
1.39404
0.903366
0.98044
0.36056
1.20512
2.43609
0.648406
0.849026
1.04157
1.66218
0.697887
0.620646
1.98334
1.11312
0.321754
0.569958
1.00734
1.33721
0.381548
1.50759
1.66863
0.56141
1.01605
1.54321
1.03194
1.94867
0.690281
1.40383
1.10574
1.62084
0.912969
1.15417
1.64488
1.17766
1.66842
0.682831
1.7347
1.79959
0.811757
1.1415
1.06524
2.02964
1.03359
1.47583
1.73557
3.09715
0.30775
1.17569
1.00805
0.589654
1.60042
0.980694
1.93119
1.0514
0.988673
1.4517
0.402821
0.776024
1.57397
1.49802
0.172913
0.767621
1.43022
1.79623
1.14689
0.193191
1.57689
1.49844
1.83642
0.690504
2.13886
1.40871
0.952545
1.5541
1.34145
1.95598
1.26473
0.452908
0.597001
0.943562
2.53905
1.86729
1.71137
1.28284
0.692417
0.312589
0.578094
0.293951
0.99971
1.28692
1.50525
0.882112
2.98964
2.74955
0.940749
0.42775
1.55736
1.02124
1.22779
1.83532
2.19964
1.16162
1.21424
2.66235
1.17717
2.46612
0.385323
0.569318
1.52559
1.76718
0.595746
1.12687
1.26204
0.856684
1.08726
1.59281
1.86317
1.1895
0.747887
0.872999
2.33143
1.66234
1.90562
0.819765
2.18207
1.94594
1.22453
0.860016
0.464692
1.13242
1.08044
0.38674
0.460616
1.01289
2.19019
1.33793
1.19127
1.58586
1.65698
0.816485
0.49175
1.13855
0.895085
1.05868
1.60413
1.93356
1.19479
1.14456
0.99107
0.220131
0.762111
0.899939
1.9234
2.45182
1.12078
1.66927
1.4587
1.99887
0.901617
2.94291
0.981091
0.378136
1.30771
1.60558
0.688887
0.990751
1.44884
1.36344
0.299991
2.48725
1.12085
2.31215
1.18479
1.16971
2.51028
0.850515
1.82307
1.97675
1.02303
0.301642
2.22212
0.529663
0.254868
2.41911
0.835723
1.3329
0.965315
1.16763
1.20637
1.5154
1.21927
1.39471
0.497665
0.367465
0.893237
0.754333
0.371978
0.480088
0.816059
0.697117
1.09914
1.32045
2.52575
0.773252
1.34434
2.11622
1.38944
1.00074
1.66721
0.847322
0.882606
0.971203
2.73192
1.42882
0.648084
0.647004
1.03104
0.855105
0.328186
1.33759
0.881354
1.55137
0.985897
0.409027
1.62944
2.06785
1.08874
0.776715
1.78025
1.25209
0.266219
1.4955
0.838727
1.71971
2.3358
1.7353
0.24218
0.627899
0.347184
1.18097
1.27307
1.21224
1.94835
1.83915
1.5364
1.14477
0.891801
1.33595
1.07828
0.387972
0.621411
1.28487
2.23333
0.536677
0.698872
1.92075
0.752884
0.655552
1.53139
0.651
0.836
0.968241
1.41
2.44678
1.21473
1.24056
1.39997
3.27707
1.09147
2.01702
1.05647
2.58137
1.02838
1.28807
0.830369
1.6827
0.481905
0.197506
0.411244
1.55239
0.594927
1.17449
1.11173
1.20152
0.810749
1.29311
1.20465
1.31423
1.13986
2.50288
1.33339
1.23673
0.767047
1.205
0.778446
1.1643
1.21067
1.25895
1.62578
0.810596
0.580236
1.30252
2.97128
1.83852
1.21753
1.2897
0.746596
1.87988
1.99459
1.37774
0.682416
1.17116
0.363365
2.1954
1.12937
0.263249
0.47132
0.574877
1.81274
1.20094
2.21253
1.55147
1.26447
1.43079
0.685763
3.01999
0.690817
1.04134
0.987189
2.73513
1.38885
2.97196
0.368294
1.97718
1.61789
0.589303
1.10821
1.23916
1.31286
0.322607
1.24269
1.27308
0.50549
2.13277
2.17663
1.25262
1.79312
1.23237
1.2353
1.28785
1.48814
1.33223
0.330063
1.35063
0.719244
0.693291
0.255256
1.48133
1.17137
1.6016
1.08854
0.962635
0.893717
1.13643
0.868177
0.894358
1.15261
1.13596
1.74841
0.925133
0.475327
0.333274
2.02813
1.49457
1.30356
0.656957
2.25088
1.20996
1.44905
0.802419
1.20754
1.5904
1.60456
1.37936
2.23799
2.39715
0.880657
2.80427
1.77894
1.96422
0.440673
1.58382
0.587654
2.3121
0.786406
2.12503
1.93776
1.54765
1.02794
1.67066
1.62819
0.571754
2.99358
2.94716
0.795943
1.58849
2.02819
0.683504
0.97212
2.16935
1.21076
0.924779
1.98845
1.02364
0.223675
1.34533
0.788248
0.268169
0.788184
1.10967
1.82184
1.45031
0.869385
2.00211
1.0152
0.605312
0.733639
0.751579
0.377507
1.21749
1.36724
2.19337
0.677076
1.34865
1.76854
1.44739
1.14062
0.369708
1.03885
1.53373
0.299804
2.7133
1.07815
1.25625
0.53051
0.423562
1.2534
1.31475
0.637416
0.823621
0.169891
1.95388
2.59008
0.773502
0.612356
1.81527
0.448885
1.42451
0.840637
0.914165
0.698359
0.822241
1.3948
1.48471
1.80054
1.12779
0.569432
1.70813
0.641325
2.2754
0.554961
1.28712
0.800706
1.787
1.50834
0.613363
0.376559
1.8625
2.53568
0.248119
0.666462
1.11146
0.634485
2.21227
0.658013
0.989055
0.542006
1.74066
0.763736
1.53533
0.896181
0.981726
1.51014
0.823469
0.665032
1.13321
0.918266
1.84198
1.69334
0.378988
0.805896
0.962292
0.640131
1.63902
0.288263
2.42167
2.54192
0.72777
1.71099
2.17565
0.622914
1.43994
0.598708
0.917617
0.346048
0.628921
1.56173
0.299933
1.66056
0.962245
2.81543
1.37786
0.91029
0.592867
0.965548
1.16373
0.65748
0.805294
0.412212
2.27449
1.95932
1.45083
0.397716
0.858478
1.58039
2.94042
0.707835
1.79291
2.48626
1.0172
2.95815
0.509864
1.11211
0.617255
1.36804
1.65191
2.13936
1.17711
0.944209
0.414662
0.967946
2.83749
0.439307
1.04107
2.10203
2.07906
2.83648
1.56827
1.46632
0.696839
0.290186
1.43051
0.286526
1.2416
1.48566
1.24777
1.72202
1.04643
1.59564
2.42671
1.8887
1.86849
0.872484
1.14018
1.45586
0.28769
1.06804
0.103811
2.37779
1.60975
0.998068
1.12983
1.14723
1.84594
1.44313
0.505302
1.45148
0.630916
2.21035
2.38842
3.03579
3.17507
1.31446
1.15335
1.46637
2.02753
1.43243
2.36706
1.35898
1.31657
0.565111
1.06756
1.05787
0.270713
0.151984
1.53457
0.260393
0.553119
0.333866
0.454585
1.01219
0.975333
1.33193
1.05664
0.654804
0.782788
1.02693
1.17059
0.380577
1.38662
0.791616
0.289031
1.38916
1.75155
0.284088
1.31392
0.693268
1.36161
0.960138
1.34151
1.81932
1.65989
1.08282
1.2899
0.267604
1.45923
1.13839
2.21923
0.524315
1.48541
1.09379
0.699061
2.31469
1.31099
1.07924
0.173407
1.41866
0.571016
0.486575
0.927965
1.73912
3.43309
0.484384
0.425768
1.06139
2.65938
0.315101
2.19051
0.604797
1.77956
0.860759
0.487377
0.644775
1.86302
0.923035
1.44142
1.31546
2.7753
3.5048
1.52679
1.62762
0.483504
1.65629
1.99496
2.11882
1.10598
0.30887
1.93762
1.74983
0.646254
1.41756
2.13325
1.47839
1.44928
0.50728
1.09211
0.442647
1.74491
0.127989
0.451074
1.71569
2.46003
1.24601
0.261876
2.50665
1.5288
1.05781
0.294088
1.76989
2.70339
0.379641
1.56744
2.24403
0.443822
1.00965
2.96868
1.91842
1.40764
1.37919
1.73491
1.84277
1.26212
1.87994
0.561926
1.3887
0.263211
0.923375
2.18985
1.02282
1.33314
0.624588
1.05582
1.94388
1.42525
2.05515
1.16908
1.49611
2.15578
1.57207
1.52083
2.03999
0.388235
1.5556
2.02813
0.688316
0.533532
2.85246
1.99746
1.57429
0.604903
1.21264
0.932535
1.08412
0.456239
2.36427
0.271108
0.849173
1.4889
1.93294
1.01917
0.896939
1.39719
0.35723
1.25856
0.830516
1.21105
2.60704
1.88051
1.64012
1.97527
0.915267
1.8436
0.664646
2.40161
0.69312
0.869753
0.962719
1.02913
1.24401
1.05764
2.14592
1.59573
1.16423
0.982178
0.580535
1.15263
1.65702
2.03083
1.56522
1.25711
1.03045
0.345235
1.55183
0.521956
1.29768
1.85838
1.08892
1.76361
0.319349
1.40407
1.28672
1.95684
0.777468
2.08998
0.983063
1.11357
0.588012
0.596748
1.01212
2.11529
0.970189
0.246184
0.903547
2.25629
1.2108
1.35383
2.29928
2.1086
0.825727
0.338556
1.5374
2.1272
1.35018
0.837024
2.00311
3.48421
1.82652
2.09609
1.06509
2.17636
0.947451
0.449512
1.91716
0.95707
1.39198
1.17523
0.726605
0.650622
1.25147
2.60737
1.903
1.31916
0.397528
0.745195
1.74268
0.509426
2.44861
1.41818
1.02515
0.488599
0.722804
1.99669
1.1736
1.23416
0.587355
1.52677
2.02945
1.34244
1.35115
0.688955
1.73661
0.501032
0.539134
1.22972
1.74392
0.694805
1.11329
1.02884
0.761125
0.706788
1.16973
1.74224
1.63164
0.81732
0.500972
0.795529
0.285894
0.15046
1.27327
1.29039
0.991283
0.976648
0.246349
2.63065
1.30287
0.741659
1.56312
0.986595
0.863671
1.05773
1.33086
1.0584
0.589312
1.2991
1.85363
1.2862
0.727255
0.432528
0.214526
1.81302
0.612276
2.39062
0.877525
0.98324
1.53727
1.80179
0.4639
0.897815
2.15155
0.557198
1.70529
0.144185
0.875045
2.1705
1.90116
0.697305
0.480834
0.897304
0.966866
1.43835
1.55256
1.35939
2.6523
1.7134
1.92804
0.637641
1.80775
0.297474
0.496432
0.926153
1.19556
1.76809
1.66657
2.41331
0.630011
0.778918
1.73336
0.118005
1.44561
2.06052
1.32538
0.445605
1.94569
0.506628
0.720096
2.36341
1.03495
1.49645
1.08169
1.66805
1.11624
1.02853
0.359573
0.486961
1.71906
0.226692
1.13015
0.513173
1.15474
2.12118
0.535383
1.62567
1.57242
0.555553
0.577557
0.988341
1.04542
1.52218
3.16841
1.94089
2.27989
1.45829
1.17284
1.36432
0.426418
0.842994
0.666924
0.982812
0.464149
1.0996
0.510283
1.16832
1.90745
1.64919
0.914873
1.52387
0.846748
0.892237
1.69983
1.64159
0.342687
2.29648
0.66399
0.360784
0.747131
0.53976
0.705728
2.09174
0.792037
0.414625
0.527682
2.31296
1.95963
1.35184
0.365635
0.345343
0.381324
1.41831
0.841643
0.981465
1.12686
2.18079
2.17422
1.07314
0.347629
1.16492
1.22207
1.22359
0.0806318
0.112424
1.58366
2.86724
1.34709
0.964094
1.48937
1.43672
0.782569
1.45744
0.135857
1.04445
0.798016
1.4382
2.53085
1.55516
0.958646
1.14386
2.94704
1.62816
1.38049
0.811723
0.736271
1.46161
1.37763
0.913673
1.15768
1.23778
1.91454
1.73921
1.6574
2.50914
2.0179
1.68998
1.1681
0.438922
1.5279
1.96677
1.71997
0.237349
0.635173
1.91586
1.49346
1.83803
1.45154
0.96529
1.23503
1.73961
0.553962
1.82416
1.39774
0.995973
1.86629
1.93706
3.17245
1.28467
1.84355
1.93928
0.996885
0.790945
2.07046
0.421841
0.574234
1.2322
1.30951
0.651523
0.59308
1.45184
1.8992
1.57742
1.83036
1.17833
0.447032
1.27804
0.880964
1.73888
2.2681
0.25061
1.3117
1.02115
0.989508
0.594821
0.831567
1.25019
1.14006
0.652468
1.00435
1.09693
1.93901
1.53191
0.474942
0.440958
1.64437
0.369221
0.654205
0.513264
1.47202
1.65967
1.03417
1.34564
0.553716
1.20536
1.40407
2.4978
1.44414
1.64932
1.68444
1.50495
1.87133
1.50868
0.636206
0.812702
1.64053
1.12043
1.91372
0.826643
0.775663
0.604126
2.63278
1.08489
0.646469
2.11697
1.91826
1.9596
3.96048
2.1887
0.543656
2.62011
0.687533
0.957174
1.29585
1.20636
1.87098
1.86238
1.94245
1.21934
2.88133
1.13001
2.30173
1.05876
1.24391
1.76649
0.75034
1.94573
1.08709
0.535893
1.15064
1.68093
0.175365
0.881237
1.29718
1.54772
1.12916
1.52763
1.44455
1.16733
1.26025
2.92535
1.41722
1.48869
0.482799
1.82194
1.22858
1.95832
1.13105
1.95021
1.98652
1.26286
1.62652
1.29736
0.509297
1.11804
1.76979
1.00823
2.03694
1.41666
0.37567
1.63004
2.06887
1.59217
1.73203
2.48668
2.34317
0.685511
0.872645
0.970545
1.4164
2.0007
0.788568
1.08724
0.298546
0.657778
2.43657
0.575164
0.896461
1.79506
2.10215
0.236405
1.35168
1.18852
0.667929
0.621155
1.25434
0.492159
0.600493
0.666238
1.86322
2.76888
0.437286
0.862138
0.750712
2.05101
1.68979
1.71871
1.47821
1.33185
1.20856
1.55098
0.616301
0.881165
0.866011
1.54837
1.18592
0.175094
0.755336
0.82382
1.04251
1.73366
2.15809
0.5393
1.75354
1.13766
1.68066
2.76417
0.819558
0.724501
0.841964
0.527956
0.247524
0.771354
1.60984
1.10656
1.10255
2.07784
1.9717
2.23729
1.84262
2.77886
2.37193
1.4111
1.07795
1.88094
1.62775
1.82265
1.24329
0.903156
0.855744
0.999008
1.2279
1.22283
1.3541
1.00065
1.31053
1.23456
0.26528
1.13448
0.71411
1.76912
0.595573
1.55268
0.591618
1.81878
0.772482
2.1303
0.194416
0.935515
1.63336
0.577671
0.112574
1.6331
2.45496
0.489102
1.14864
1.49106
0.529981
0.466231
1.27149
1.54396
1.16653
1.69674
0.576726
2.11446
1.73695
0.968263
1.0752
1.6559
1.41707
0.531826
1.49038
2.04397
0.694742
1.33237
0.815511
1.6144
0.709671
1.7009
1.09299
1.84461
1.69605
1.36345
0.638284
0.408886
0.604559
2.3404
1.44424
1.16794
0.553741
0.768352
1.66072
0.466657
1.3861
0.744239
0.525724
0.636571
1.36881
0.707056
0.693403
2.15013
0.946381
1.52905
1.34386
0.903093
0.760202
1.27976
0.22858
1.13207
1.57426
1.6826
1.51548
0.0788544
0.720774
1.11691
1.25852
1.21013
0.699846
1.71323
1.37586
1.09194
0.964341
1.61174
0.687532
1.54009
1.16032
0.906803
1.97551
1.61206
1.90973
0.800671
0.598912
3.0878
0.232581
1.834
1.66927
1.30006
0.635356
1.45047
1.42193
0.63099
2.21958
0.513727
2.10524
2.57262
1.38925
1.44797
1.11358
1.81455
1.73999
2.06198
1.43419
0.877819
2.01054
0.712079
1.44101
1.29231
0.990511
1.23731
1.22807
2.46842
1.30841
0.813005
1.41341
2.08906
1.72053
0.761101
2.2293
1.66578
1.04974
0.510656
2.96057
0.797671
2.28673
1.30196
2.13772
1.13836
2.59535
1.99449
3.06808
2.36431
0.756325
1.51897
0.880471
2.35739
0.63738
2.1229
0.865313
1.73607
0.871854
2.13495
1.51591
1.1152
0.861102
1.28398
0.926211
1.06094
0.790028
0.196444
1.48462
0.625
0.935646
0.77316
0.241312
0.951006
1.14008
1.78808
0.250801
2.0088
2.01011
2.75437
2.33707
1.4314
1.53962
1.53788
1.40791
2.27715
0.769107
0.745368
1.9767
0.798978
0.820376
0.817635
1.87242
0.631661
0.596534
2.46222
1.47912
1.92907
1.54163
0.433604
0.37251
1.52636
2.1243
2.05464
1.24708
1.36745
0.603586
1.0227
2.18855
2.11842
1.82935
0.269446
1.92975
1.75419
1.93506
1.52075
2.01377
1.69152
0.289237
1.33548
0.88022
0.37136
1.21003
1.29304
0.955138
1.01732
0.894233
0.974802
1.38491
0.685351
0.655081
1.18327
1.31187
1.75373
2.1064
0.882178
0.984869
0.943807
0.383679
1.47617
1.85342
1.4491
2.63889
0.805974
1.54692
1.6619
0.672904
0.900752
0.955588
0.738758
1.48029
