1.3781
1.23523
0.93528
1.24965
0.474385
1.05645
1.11106
1.13404
2.55135
0.438345
0.971547
2.48366
1.1853
0.316085
0.661211
1.1283
0.928706
1.04911
2.22169
0.655416
0.466639
0.661709
1.5578
0.58638
1.39696
1.12738
1.18235
1.34786
0.768425
1.9953
1.14575
1.94329
1.45831
1.29648
1.08245
1.28068
1.21777
1.87984
2.97727
0.357358
0.861661
1.17335
1.99818
0.647426
2.31587
1.70001
1.13978
1.69857
2.88395
1.07251
1.67486
1.53473
0.0326505
0.422803
1.6135
1.22003
0.976017
0.764603
1.15045
0.851635
1.32542
1.07713
2.08777
0.120987
1.14954
0.767995
0.68335
0.144378
1.42577
0.617453
0.411691
1.74501
0.344946
2.22073
2.55508
1.86853
1.25386
2.1384
1.13114
1.31213
1.20087
1.93773
1.54395
0.564235
0.213296
1.88719
2.35683
1.36504
0.994583
0.44922
2.7576
1.21791
1.67352
0.95768
0.254468
3.34123
0.8698
0.886216
1.80656
0.53537
0.242984
2.27528
1.68236
1.60613
1.48754
1.62706
0.397659
1.95825
0.469315
0.104196
1.74868
1.33725
1.65853
0.451264
1.90074
0.220215
1.20407
0.665766
0.527584
1.17819
2.30929
0.478441
2.67243
1.47327
0.894774
1.19721
1.86152
0.631254
1.11992
2.01819
1.13605
0.86274
1.36646
0.694274
0.778608
1.22991
2.65712
0.688364
0.950876
0.985934
0.716722
2.62144
1.06218
1.00371
1.7656
1.49946
0.220725
1.91462
1.37536
1.20444
1.0329
1.79448
0.248783
1.80543
0.943226
1.0462
1.7981
1.30231
1.07752
1.20047
0.983488
1.48347
1.87756
1.78864
0.105782
1.53052
1.90814
2.02298
1.60026
1.14353
2.60693
0.910224
0.375111
1.52803
2.23916
0.998386
2.04191
2.20728
0.718287
1.67473
0.292582
2.96032
1.03318
0.797785
0.729951
0.351364
1.35121
1.06781
1.27768
1.52886
1.30205
1.22286
1.61256
3.1437
0.905488
1.23717
1.29864
1.26221
2.22067
2.12829
2.07444
0.475549
1.25129
0.758735
0.423425
1.18197
1.46381
0.853766
0.856678
1.22468
1.66156
2.70133
1.48179
1.39224
1.46677
3.30738
0.971425
1.83347
2.91433
1.39778
0.504518
0.830022
0.978227
0.221303
1.91807
0.944929
0.847774
1.31743
0.904655
1.51737
0.93548
2.18053
0.861589
0.552611
1.60663
1.65085
2.16681
1.59251
1.0635
1.35101
1.60739
1.92737
1.81615
2.90646
3.06934
2.28614
2.29509
2.72118
1.30319
2.19813
0.658478
1.96903
1.32914
1.28115
0.942274
1.28913
2.1049
1.401
1.79759
1.45379
3.01904
1.79106
1.54713
2.56541
0.778417
2.5507
2.23
1.70233
1.31408
2.38055
0.867321
1.57107
2.69364
1.43032
0.89863
0.928039
0.963759
0.353632
0.934643
2.0868
2.08777
1.97037
0.740823
0.917168
0.313881
0.955212
1.33649
0.142932
1.1464
1.60306
1.31123
1.4558
2.19374
1.8519
1.71009
1.82795
1.09673
2.33188
2.18693
1.19302
2.22729
1.44453
1.56794
1.10832
0.565509
2.96216
0.398944
0.326727
1.62521
0.784294
1.63338
0.459434
1.83523
2.35663
1.35113
1.97456
1.46306
2.14779
1.15418
0.37663
0.428372
1.67372
2.38413
0.597934
0.968369
0.309969
1.44442
0.774872
1.2403
0.957188
1.57529
2.04937
1.41753
0.168813
2.56791
0.409393
1.62572
1.07443
0.715937
1.15804
1.67285
1.39924
0.722526
1.55516
1.2027
1.34751
1.24669
0.950068
2.02105
2.50507
0.23742
0.888065
2.58121
1.91126
1.48697
1.07391
0.421129
2.34235
1.87668
1.80349
0.961223
0.57714
0.920624
0.985412
0.568953
0.293004
0.815346
0.64556
2.87654
1.16243
1.17662
1.58375
1.13592
1.36029
0.537578
2.2761
1.474
0.777869
0.63795
1.37085
1.07677
0.556538
1.78457
1.31218
1.03119
0.69997
1.06376
0.672018
0.84121
1.70666
1.76099
2.10473
0.937453
0.592447
1.31779
2.16083
1.9489
0.696656
2.07578
0.709533
0.617455
1.06325
1.70882
1.50517
0.687331
0.329306
0.845964
1.09922
1.72984
0.603955
1.64309
1.19959
0.669412
0.662384
1.54987
0.831499
1.09471
3.68497
1.05563
1.93642
1.08159
1.65675
1.65013
1.57931
1.70377
1.60422
1.8059
0.857788
1.51271
0.259291
2.18513
0.819457
1.26306
0.624069
0.0824549
1.52811
1.10566
1.1528
1.7611
1.17283
1.73631
0.203153
0.406819
1.71827
2.63824
0.225294
0.46255
1.50352
1.62404
1.72189
0.841594
1.78294
1.77104
1.35484
1.93779
1.18084
2.83596
1.31074
0.889264
0.918948
3.31148
2.17444
1.32039
1.75405
1.16579
0.493051
0.928719
0.97504
2.58425
2.2253
3.28257
0.37435
0.671727
1.68988
0.78662
1.12489
3.14545
1.56368
1.50827
0.499958
0.895621
0.881267
2.70322
1.39617
1.98598
1.17655
1.6242
1.06437
0.759162
1.69547
0.144367
0.0468323
2.28296
1.30959
0.757661
1.34919
0.849142
1.83228
0.940482
0.899372
2.13461
0.32186
0.960459
1.25503
0.828316
1.05355
1.06834
0.572042
0.71256
1.27376
0.456525
1.09169
0.276896
1.69326
0.482486
0.910197
2.26653
1.33326
2.01565
1.64303
1.10913
1.94896
0.359218
2.24887
2.42545
0.65434
1.52116
1.86841
0.108247
1.35602
2.25913
2.02891
1.08924
2.01716
1.01533
1.65555
1.03898
0.932298
1.76524
1.15283
0.785198
2.34555
0.895808
1.17698
2.04926
2.14969
1.06152
1.36154
1.66724
0.79484
1.7944
2.2561
0.671332
2.83381
1.10201
0.663286
2.48879
1.45987
1.01017
1.62544
1.62944
2.75555
1.77946
0.954563
2.37671
0.667626
3.6125
3.21729
1.36944
1.0725
1.8547
2.60536
1.69592
0.212975
3.18896
1.33743
2.11426
0.272112
2.27025
0.214334
0.662025
1.21475
0.439389
0.580049
1.01018
0.186008
0.302626
3.25839
0.991464
1.41811
2.43773
0.436208
1.34943
1.28899
2.28128
2.29427
1.42174
0.905507
1.22882
1.31755
2.73735
0.751061
1.65234
1.81884
0.764281
2.2423
2.22076
1.12657
1.00537
0.483528
0.0888364
0.799315
2.15042
1.21946
2.7476
0.950651
1.29973
1.15568
1.41838
1.75669
2.2814
0.0955194
1.23137
0.437388
1.62809
2.30775
0.212127
2.22014
1.64208
1.32174
0.73705
1.05333
1.01376
1.97682
0.843568
3.14131
1.44803
1.99174
1.67951
1.03185
1.07001
0.366107
0.865339
1.5208
1.38838
1.74654
2.00431
0.523123
4.07384
0.63433
1.08907
2.02273
2.19454
1.22283
1.6631
0.286342
1.97642
1.01729
2.51611
0.933438
1.03685
2.40191
1.4283
1.05004
2.05869
1.92622
1.56958
1.79808
1.39076
2.28408
2.09129
1.73066
0.286474
1.26329
0.755545
2.23689
1.3795
1.59292
1.38703
0.383947
1.24489
0.404195
0.585596
1.92787
1.01851
0.572534
1.14949
3.14847
1.17291
1.61378
1.71514
0.655737
1.69072
1.00994
1.73318
1.25949
1.85563
1.58255
0.812525
3.0637
0.534344
2.12334
1.00647
2.52207
0.912812
1.6202
0.705044
2.04997
0.910113
1.63919
1.79813
3.28447
1.98592
0.996758
1.56689
0.424022
2.18666
3.1893
2.49769
1.02638
1.71588
1.44741
1.70557
0.10326
1.66558
1.70394
0.925526
1.41691
1.6454
1.35316
2.57056
1.40504
2.00614
1.55988
0.354994
0.344069
1.74977
1.70689
1.06242
1.21474
1.5509
0.587228
1.77359
1.02488
0.651246
0.218554
1.17276
1.69377
2.06968
0.891273
1.14927
0.658283
1.33625
2.4993
0.70505
1.73282
1.58986
1.16253
1.33347
2.47825
1.2113
0.9583
2.00446
1.79482
1.97053
1.61815
3.06329
1.15492
0.863432
0.456403
1.44671
2.04947
1.33986
1.44772
1.93075
0.871224
2.14702
1.46225
1.40203
0.746017
1.38125
1.29809
1.80163
0.998515
0.450563
1.48632
0.631036
2.90345
1.50535
2.20418
2.05402
2.17205
0.498745
0.733628
1.01514
0.843086
0.200476
0.538076
0.651551
1.90285
0.819965
0.234519
0.665298
1.32068
1.32586
1.88589
0.74672
0.913015
2.4974
0.357804
1.78305
0.940047
1.95943
3.03434
1.46871
0.775536
2.28749
0.6804
2.3846
0.85437
1.71606
0.865596
0.188095
0.145228
1.78093
1.88438
0.818951
2.11936
1.36973
2.30401
1.15577
0.820481
2.7118
0.629404
1.44748
1.72599
2.9916
0.59933
1.08438
2.21832
2.23842
0.354292
1.39878
1.35744
0.477983
3.75305
0.618959
0.771185
0.295175
1.41459
0.456937
2.72812
1.28401
2.32889
2.17003
1.74424
0.811699
0.523713
0.938118
0.96271
1.3362
1.95093
1.05093
0.915127
0.849636
1.39584
0.736599
0.200693
2.4316
1.06397
1.52194
0.919717
0.472145
0.0465319
1.637
1.93474
2.25037
1.10871
1.73488
1.0255
0.333051
0.782667
2.4098
0.532054
1.05782
1.50958
2.24834
1.24424
1.60465
0.800702
1.62749
1.02039
2.65225
2.61701
0.599017
1.65038
1.58632
1.95317
0.829355
1.34673
1.54334
0.889075
1.78112
1.65219
1.76751
0.594401
0.794512
0.484197
0.38673
1.71326
0.581773
1.48693
2.47336
0.379182
0.792344
0.796604
0.400496
0.489807
0.991859
1.04746
1.072
2.02888
0.755641
1.65756
1.18636
1.32127
1.64188
0.423681
2.02022
0.974788
1.35009
1.41715
0.569074
2.31963
1.07419
1.44154
1.93728
1.99821
0.606172
0.223002
1.0639
0.305624
1.44391
0.68746
1.62133
0.920868
0.981709
0.960525
1.53272
1.39319
2.15418
1.74895
1.31672
1.66773
1.34792
1.11931
1.59486
0.797369
2.7532
1.11029
2.33342
0.821041
0.373973
2.32714
2.15288
1.19771
1.09633
0.972088
0.773339
2.04219
1.89852
0.041386
0.901107
1.1909
1.51777
0.758957
1.32759
0.0827718
2.34378
1.93107
1.92698
0.694346
1.37143
0.525746
1.18186
1.45746
0.50587
0.84369
1.78118
0.956746
1.36947
0.682339
2.0382
1.40592
1.57636
2.13873
2.02403
0.485113
0.730381
1.52473
1.72759
2.23246
1.95492
0.383497
0.496274
1.41489
0.895727
3.03958
0.41417
0.733781
2.64508
2.01713
1.75643
1.11285
0.450548
1.18196
1.54575
1.07035
0.965098
2.27412
0.754062
2.02237
0.489085
1.39207
2.88209
0.420888
0.779757
1.15231
1.11825
1.39986
0.818806
0.636101
0.65866
0.967573
2.57859
1.89146
2.05539
1.755
0.102786
1.14018
2.03495
1.66815
0.743614
2.10815
1.44305
1.53608
0.883229
1.97892
0.70332
1.78849
0.365103
1.79766
0.817114
0.369423
1.10625
2.7908
1.72482
3.57819
0.950446
3.00941
2.22704
1.17535
0.65171
1.4932
0.904275
2.35494
0.987406
1.0401
1.894
2.2005
3.42951
2.70994
1.28121
1.3371
1.58686
2.30778
0.458535
1.51801
0.744156
1.66459
1.40904
1.22402
1.64235
0.776914
0.263036
1.29317
0.99338
1.06334
1.7492
2.72723
0.591445
1.31408
0.353541
2.57534
1.00478
1.57883
2.98546
0.964409
2.35225
1.95331
0.316137
0.811113
0.297095
0.745945
2.29833
0.867866
2.18074
1.88983
1.01004
0.945136
1.43587
0.534204
0.768503
3.26124
1.82471
0.585656
2.10157
0.625834
1.76631
2.49393
1.24523
1.67367
1.22051
0.891805
0.689573
1.98887
1.16735
1.0185
1.84252
1.51804
0.611237
1.60095
1.69108
1.12232
0.932918
1.12532
1.39149
1.53419
1.55789
1.83691
1.45083
0.685698
0.483655
0.702365
1.40999
1.10638
0.971291
0.669621
1.38862
2.18902
0.203486
2.06222
0.785769
0.692017
1.47681
0.379735
0.297945
0.731774
2.10083
1.7574
0.886791
2.11701
0.468432
1.09746
2.50856
1.18903
1.86821
0.659598
0.375712
1.3362
1.24407
1.92076
1.11672
1.50703
1.14986
0.397578
1.79409
0.872172
1.81401
1.1885
1.10886
1.79107
2.10334
0.216763
2.2148
1.03502
0.165124
0.994935
0.397202
2.30602
1.32399
0.704589
1.26221
1.07357
2.17399
0.408321
1.18978
1.21995
2.35891
1.18125
1.00062
1.06082
1.38369
2.08374
0.140884
0.563079
0.781844
1.91432
0.353633
2.97333
2.37075
1.80759
0.905445
1.46033
0.880131
0.545722
0.78306
1.02601
1.84972
1.22369
2.22871
0.906578
2.72851
3.19695
1.15499
1.77536
2.36933
0.87564
2.0789
1.27822
0.403745
1.16774
0.424339
0.56374
2.89843
0.613011
1.49426
1.86737
1.60213
1.27959
0.790293
1.93609
1.40911
0.134608
1.86114
2.06287
0.602238
2.29122
0.0746692
0.293664
0.639857
1.1559
0.433953
0.674805
1.86998
1.86828
0.817923
0.769177
0.832459
1.34519
0.852719
1.18469
1.6608
0.671291
0.327323
1.32985
0.419324
0.320415
0.326825
0.366603
0.562058
1.10641
0.614237
0.373566
2.17165
0.832488
1.38194
2.02564
1.43438
1.41364
1.7689
0.609317
2.05929
1.68792
1.77342
0.685104
1.56685
1.36706
1.1453
1.60236
2.08832
1.18871
1.62193
2.01912
0.95465
0.389906
0.661242
1.41753
0.947619
1.33891
0.32306
0.482417
0.830163
1.67853
0.670627
0.964105
1.29653
2.00948
1.21948
1.76168
1.82672
3.01692
1.74457
1.02402
0.403904
1.29009
3.04575
1.92043
1.01604
2.12808
1.41586
1.59988
1.17793
1.65966
0.940888
0.475664
1.22741
2.71474
0.437083
2.51836
0.764548
0.771472
1.29498
1.81886
2.01625
2.07942
1.31448
0.184889
2.41558
0.631389
2.38812
0.218972
1.46837
2.19535
1.37463
0.193782
0.767055
2.06215
0.767763
1.15442
0.50699
0.457687
1.37302
1.77513
1.16058
2.04142
1.12344
2.09785
2.15223
0.0875699
0.986703
2.3128
1.67595
0.737931
1.02909
0.741832
1.10746
1.11756
1.29335
1.52608
2.01458
0.45719
0.645248
1.25936
1.00665
1.42205
1.31828
1.26404
1.01127
1.59516
1.60478
0.959029
1.48402
0.741081
1.12099
1.77843
2.13828
1.3006
0.880074
1.38012
0.662151
1.41581
0.120749
1.40651
3.1576
0.824074
0.594048
1.59402
1.50769
0.65913
1.29328
1.44775
1.62127
0.493017
1.21633
1.51014
0.839613
2.78397
0.984824
1.32275
2.03878
0.692837
1.02247
1.39765
1.32004
1.11585
2.35861
0.981715
1.06767
1.25386
1.56983
2.04136
0.680565
1.43881
1.28687
1.10424
0.215089
1.86147
0.617005
0.141138
0.601247
1.26156
1.69865
1.37749
1.50831
0.677886
0.934096
1.9441
0.447996
0.727751
3.55645
0.392261
1.10815
1.84577
0.778258
0.549242
1.95219
1.27089
0.862348
0.726537
1.0275
0.93641
0.543038
0.205715
0.813372
1.87563
0.779459
1.3494
1.58526
0.538524
2.39163
0.36567
1.50318
0.370316
1.34309
1.15885
1.27712
0.28744
0.197962
3.00887
2.89555
0.276779
0.980024
1.35319
1.09913
1.14422
0.936772
0.808029
1.06799
1.26617
0.530973
0.857708
0.914075
0.626428
1.53327
1.09226
1.12617
0.976448
1.30512
0.564183
0.671182
0.701541
2.84152
0.721116
2.3904
1.55288
1.39888
0.479763
0.485927
0.751403
0.954632
1.32164
2.77544
0.544232
2.93462
3.89379
1.57728
1.25076
1.95711
2.48832
0.337922
1.04407
0.515103
1.84107
0.607477
1.17701
0.838874
0.693529
2.55558
0.84775
2.1529
0.2025
1.10719
0.605923
1.5086
1.63934
0.315305
0.500137
1.33127
0.940128
0.873671
2.08745
2.39598
0.44675
1.05856
1.3108
1.77566
1.21462
2.00837
2.17352
1.18404
1.52135
0.633326
0.737148
1.71057
0.52753
0.905251
0.712742
1.04624
0.514082
1.00907
0.261682
1.24407
1.08155
1.97874
2.65087
2.63734
0.589198
0.551301
1.49997
0.854625
0.287883
1.07222
0.313152
1.45408
1.05961
0.0746523
2.23776
0.482061
1.78485
1.93893
2.71271
0.996523
0.917818
2.30525
1.31461
1.34754
0.897462
0.800153
1.20364
0.243798
0.371158
0.85319
0.964901
2.25774
1.10671
1.14049
1.52833
1.49768
0.60302
1.27836
1.36314
1.28619
1.11951
0.730806
1.28415
0.23364
1.231
1.43499
0.532342
1.21901
1.30654
1.60901
1.60868
1.67875
2.51344
0.87213
1.29388
2.73389
2.05923
0.99354
1.27603
0.463071
0.442262
1.61761
0.427716
0.777439
1.16996
1.49614
2.78954
1.0669
1.19706
0.589727
0.941239
1.32687
0.95441
0.354509
1.13083
0.912302
1.58277
1.3635
1.0226
2.01428
1.37078
0.826876
0.492383
1.69529
0.415362
1.52607
1.07654
2.32622
2.10082
1.11879
1.79223
1.27355
0.947992
0.717525
0.835648
0.461615
1.7916
1.63367
1.1541
0.64731
1.67223
0.534593
2.37461
1.37627
0.876984
1.58396
1.02123
1.31468
1.63134
1.26448
1.56562
3.53085
2.0045
0.565034
1.10169
2.2243
0.950707
3.00098
1.35621
2.56086
1.26184
0.430424
0.626773
0.507881
1.31445
0.329407
0.648586
1.87114
1.15357
1.47309
2.38413
2.59967
2.3055
0.638425
0.77603
1.61134
1.32017
1.17636
1.78026
1.75397
0.379272
1.69867
1.00084
2.21013
1.31683
0.381957
2.37257
2.45378
1.92589
0.682112
0.229541
2.28382
0.853176
1.35288
0.278195
1.93341
1.36066
1.86476
0.74061
1.61622
2.09018
1.32696
1.27439
1.00478
0.466632
2.85176
2.51294
2.90261
1.39061
1.17274
1.17047
2.99782
1.69092
0.404577
1.94473
2.24552
0.786847
1.31869
1.86063
2.74558
1.56944
1.87096
1.75718
1.5266
1.102
0.629876
1.70596
1.09872
0.650543
0.446288
1.35605
1.5486
0.95491
1.68831
1.64477
1.58067
1.21378
1.53617
0.699995
0.546422
0.424561
1.87491
1.15224
2.17308
1.50392
0.781538
1.3401
1.89219
1.71674
0.681547
0.655417
0.977612
2.39238
0.800023
0.966004
0.40559
2.84754
1.52389
1.57801
0.761795
2.14492
1.18756
1.66722
0.488827
1.26047
1.47052
0.8197
1.34528
0.691569
0.310905
3.35013
1.22294
2.76007
0.81894
1.80678
1.11144
0.464747
1.03631
1.31794
1.05136
1.95214
0.530928
2.22178
0.275368
1.70895
2.4952
1.5612
0.939141
1.36063
2.60408
1.08464
1.37683
1.63573
2.60784
1.79502
1.49981
0.721872
0.759928
2.20322
2.02553
0.553583
1.04562
1.27015
0.965784
1.81965
1.86264
1.75087
0.912069
2.0728
0.276139
0.514094
0.658261
2.09145
1.65695
1.75944
2.55753
2.56923
0.396809
1.48405
1.26205
0.858178
1.55312
0.899826
0.546173
1.56126
2.39311
1.56607
1.21071
3.15141
0.399101
2.24196
1.8464
1.09337
1.15848
0.258532
1.664
1.50055
1.59631
0.247813
2.20178
1.25897
1.29798
1.41482
3.00839
1.24202
0.570153
1.63054
0.365654
2.1871
1.49712
1.54306
0.825293
2.05473
2.57065
0.555424
1.61233
1.22958
0.585902
1.14033
0.918617
0.989949
2.66411
1.47728
0.782435
2.52805
1.06689
0.916817
1.91271
0.709047
0.523953
0.562439
0.759472
2.16012
1.80262
1.2531
0.437564
1.46337
0.247316
2.09175
1.21571
2.65392
2.13454
0.9982
0.770065
1.73352
0.764209
1.15487
0.657419
1.15714
2.50537
2.06965
1.79789
1.58035
1.85113
0.28665
2.60867
1.42111
1.31947
2.19975
0.97727
1.63771
0.728071
2.4521
1.67471
0.521383
1.2777
2.58852
1.74525
1.62612
1.22644
0.771865
1.54855
0.166425
0.954403
1.34291
1.15761
1.7357
2.85923
1.5991
1.98443
1.54254
0.746794
1.00329
1.80936
0.803097
0.721065
0.839671
1.05989
1.36245
0.449504
2.77928
2.17941
1.34249
1.83423
1.68898
2.31645
1.90172
0.355592
1.95635
2.96419
1.34894
0.323466
1.84475
2.03047
2.2674
1.28767
2.51738
1.07508
0.904888
2.48659
1.11549
2.00484
0.465124
0.63577
1.69901
0.976836
0.272104
0.942875
1.1203
1.0313
0.447381
1.1967
2.05361
0.611743
2.51532
1.45218
0.6804
0.368662
0.888523
0.835432
1.36608
2.50553
2.20185
2.25015
1.78259
1.3483
0.734433
0.742974
2.49177
1.51305
2.51188
1.87632
1.28697
0.643748
3.77233
0.647406
2.09932
1.87746
1.58658
2.0101
1.03719
2.10328
0.958132
1.31473
0.341566
1.03701
0.713664
1.16564
0.633127
1.8098
1.03962
1.06772
0.441883
1.77674
0.66314
1.82514
1.72714
0.753882
1.24656
0.804374
0.987452
0.858165
1.36081
2.99363
1.19731
1.08985
1.2835
1.91382
0.575219
0.505319
0.380476
1.88868
1.52686
1.1336
2.07408
1.24889
2.15775
2.65687
0.106847
1.20193
2.02293
1.125
1.51112
1.57177
0.919525
1.67733
0.913993
2.66983
1.14705
0.222262
0.775586
1.89953
1.89564
1.28135
0.507055
0.766572
1.67861
0.82805
1.75222
2.06394
1.52619
2.06828
1.61951
1.49823
1.37122
1.93891
2.81491
0.748044
1.74675
2.23684
2.07226
3.14708
1.60382
0.426029
1.14192
0.861105
1.89248
1.17739
1.08787
0.794894
1.28379
1.06178
1.03877
1.77454
0.934381
2.77357
2.14068
1.12028
1.75026
0.805468
1.85155
0.764453
0.242746
1.92804
0.332569
0.857143
0.787298
1.63426
0.613653
0.28284
1.90197
1.16308
1.74086
0.905352
2.28359
1.51147
1.66331
1.95229
1.25791
1.17301
0.693507
3.26595
1.61698
1.05501
1.73011
1.1857
1.42856
0.522917
2.82864
2.46727
1.14766
0.152398
0.637175
1.98326
0.28919
1.18097
1.05584
1.5557
0.769984
1.34531
1.08854
0.463406
1.33415
1.28822
3.62225
4.02627
1.30607
0.78164
2.23443
1.15968
1.59537
1.02879
1.13499
0.723588
1.67752
2.01568
0.541643
0.981756
1.6982
1.75456
2.19407
0.982363
1.18026
0.683747
1.83492
0.948812
1.4753
0.785375
1.26246
2.59088
1.75815
0.672108
0.404623
0.484329
0.532031
1.90735
0.107224
0.279932
0.0934569
1.06105
1.4095
2.04999
0.723901
2.18223
0.778055
2.46758
0.775895
0.552595
3.22724
1.22211
3.41643
0.244456
1.47556
0.210887
0.466649
1.55366
1.05427
0.688864
2.77892
0.464796
2.30377
1.3411
1.70641
0.732382
1.92145
0.560048
1.59494
1.85366
3.39276
1.9556
1.22805
0.335154
2.62338
0.433305
0.924803
2.28521
1.31575
0.769412
1.51148
1.47158
1.62551
1.90345
1.20512
1.39539
1.61548
1.61149
2.83995
1.27168
2.25036
2.1881
1.26196
0.816034
2.05458
0.155076
0.73885
1.86845
2.81023
1.99456
1.95271
2.15219
1.08158
1.44871
1.28401
2.30555
2.17111
2.26415
2.08762
0.532355
2.23458
2.09937
1.51506
0.748152
0.152349
0.958747
1.41913
1.50069
1.20246
1.8105
0.584613
2.50191
1.62491
1.29619
1.29967
1.77941
1.44325
1.06324
0.771187
1.25427
1.31939
0.702311
0.693792
0.800529
0.741847
2.03241
0.993664
1.74273
2.89911
1.51158
0.949512
0.347653
2.96072
2.04428
0.849083
0.920642
2.17343
1.69017
2.2186
2.28467
1.30341
1.15875
1.79764
0.553377
1.08051
0.951234
1.9318
1.20246
1.59776
2.4568
2.3612
0.694184
2.13795
0.308486
1.43826
1.53682
0.675391
2.52011
0.0256397
2.80579
1.41041
0.864193
1.37554
1.89625
1.2572
0.153952
1.19647
0.616341
1.65443
1.60851
1.91833
1.81405
0.726675
1.15166
0.64789
2.08316
1.00615
1.04879
1.88225
1.60743
1.9058
1.80777
1.1318
0.722802
2.28875
0.65664
1.3637
2.26165
0.688074
0.371203
2.20456
1.19948
0.899331
0.587772
1.27683
1.51276
1.23186
0.572245
1.526
1.41832
2.1184
2.27713
1.53842
1.83737
0.409066
0.657733
1.51745
2.74494
1.32973
0.506656
0.963706
2.21973
1.23382
0.355757
0.834156
1.2525
1.40304
1.46207
0.588565
1.95936
0.189494
1.84922
0.31864
1.45283
1.22402
0.111085
1.00167
0.851347
1.31501
0.999298
1.60331
1.4953
0.726886
1.63788
1.72876
2.71748
0.58542
1.17121
0.357265
0.370122
0.401197
0.6746
0.270872
1.6714
1.12209
1.2656
0.891437
1.76239
0.775758
0.986889
1.03368
1.94549
0.541074
0.636537
1.70819
1.64582
1.57235
3.63243
3.22047
1.24408
1.47274
0.896908
0.727494
0.872395
1.49902
1.09951
1.23697
2.10994
1.21223
0.47811
1.12226
3.11869
0.858582
1.88352
1.79571
1.036
1.01835
1.0653
0.52102
1.28229
1.92963
1.50176
0.427541
0.243013
2.04176
0.576183
1.664
2.42039
1.36451
1.90245
0.809519
1.69945
1.54686
1.74812
0.652262
1.18715
1.99338
1.81164
0.542091
0.784589
0.299881
1.01184
1.82177
0.959006
1.6094
0.853291
1.0548
1.06574
2.74408
0.243678
0.907307
0.62749
1.8439
0.493297
1.85566
0.745894
2.52031
0.378899
0.501274
2.41384
0.780806
1.94589
1.16773
1.02296
2.06735
1.31877
0.840483
0.557176
1.09628
1.64314
0.777647
0.979023
0.758673
1.38062
0.874612
1.44808
0.717613
1.29166
1.01818
0.578496
2.17765
1.35125
0.331702
1.26437
1.61993
0.573468
2.03671
2.52344
2.08454
1.89552
1.10068
1.79204
0.494545
3.26774
0.4099
1.26703
1.08157
1.98204
1.07828
